2015 1 1 22 263.801819
2015 1 1 22 265.426819
2015 1 2 4 265.603333
2015 1 2 10 273.687683
2015 1 2 10 273.562683
2015 1 2 16 270.560608
2015 1 2 16 271.435608
2015 1 2 16 270.810608
2015 1 2 22 271.289185
2015 1 2 22 271.039185
2015 1 3 10 271.960358
2015 1 3 10 272.585358
2015 1 3 10 270.710358
2015 1 3 10 270.585358
2015 1 3 16 267.734711
2015 1 3 16 269.859711
2015 1 4 4 266.095337
2015 1 4 4 262.970337
2015 1 4 4 266.720337
2015 1 4 4 266.845337
2015 1 4 10 274.344238
2015 1 4 16 273.994507
2015 1 4 22 268.509552
2015 1 5 4 266.525116
2015 1 5 4 266.150116
2015 1 5 4 268.775116
2015 1 5 4 268.025116
2015 1 5 10 277.720337
2015 1 5 16 271.236969
2015 1 5 22 271.218018
2015 1 5 22 270.593018
2015 1 5 22 271.343018
2015 1 6 4 270.753876
2015 1 6 4 270.128876
2015 1 6 4 271.003876
2015 1 6 4 268.628876
2015 1 6 10 279.527039
2015 1 6 16 277.171875
2015 1 6 16 272.296875
2015 1 6 22 271.769226
2015 1 6 22 272.769226
2015 1 7 4 271.155212
2015 1 7 4 270.530212
2015 1 7 4 271.530212
2015 1 7 4 271.280212
2015 1 7 10 281.055878
2015 1 7 10 278.930878
2015 1 7 16 275.354645
2015 1 7 16 275.229645
2015 1 7 22 270.659485
2015 1 8 4 267.895325
2015 1 8 4 269.520325
2015 1 8 10 278.477966
2015 1 8 16 272.269775
2015 1 8 16 275.644775
2015 1 8 16 272.269775
2015 1 8 22 271.610626
2015 1 8 22 271.610626
2015 1 8 22 270.610626
2015 1 9 4 270.391541
2015 1 9 10 278.804260
2015 1 9 10 279.054260
2015 1 9 16 275.732056
2015 1 9 16 272.357056
2015 1 9 22 273.637390
2015 1 9 22 272.887390
2015 1 9 22 273.387390
2015 1 10 4 272.938263
2015 1 10 4 271.938263
2015 1 10 10 280.354187
2015 1 10 10 279.604187
2015 1 10 10 279.979187
2015 1 10 10 280.604187
2015 1 10 22 271.663116
2015 1 10 22 272.038116
2015 1 11 4 272.709320
2015 1 11 10 281.807922
2015 1 11 10 282.432922
2015 1 11 10 282.932922
2015 1 11 10 283.557922
2015 1 11 16 278.798096
2015 1 11 22 271.914185
2015 1 12 4 271.541534
2015 1 12 10 279.612579
2015 1 12 10 280.237579
2015 1 12 10 280.987579
2015 1 12 16 273.992615
2015 1 12 16 275.867615
2015 1 12 16 274.992615
2015 1 12 22 274.668457
2015 1 12 22 275.043457
2015 1 12 22 273.918457
2015 1 13 4 273.135681
2015 1 13 10 277.527771
2015 1 13 10 276.902771
2015 1 13 10 277.152771
2015 1 13 10 276.527771
2015 1 13 16 277.088379
2015 1 13 22 274.969116
2015 1 13 22 275.469116
2015 1 13 22 275.219116
2015 1 14 4 273.073029
2015 1 14 4 271.573029
2015 1 14 10 278.683838
2015 1 14 10 277.808838
2015 1 14 16 276.609772
2015 1 14 16 277.109772
2015 1 14 22 271.793549
2015 1 14 22 271.168549
2015 1 15 4 270.840027
2015 1 15 4 269.965027
2015 1 15 4 269.465027
2015 1 15 4 271.215027
2015 1 15 10 278.113892
2015 1 15 16 276.354187
2015 1 15 22 270.036621
2015 1 15 22 271.036621
2015 1 15 22 270.911621
2015 1 15 22 270.286621
2015 1 16 4 270.321899
2015 1 16 10 277.812836
2015 1 16 10 276.187836
2015 1 16 16 272.141998
2015 1 16 16 272.766998
2015 1 16 16 273.016998
2015 1 16 16 275.266998
2015 1 16 16 272.266998
2015 1 16 22 270.121704
2015 1 16 22 270.746704
2015 1 16 22 270.371704
2015 1 17 4 270.085083
2015 1 17 10 280.444336
2015 1 17 10 281.569336
2015 1 17 10 281.444336
2015 1 17 16 278.792358
2015 1 17 16 277.542358
2015 1 17 22 271.898773
2015 1 17 22 272.023773
2015 1 18 4 268.345886
2015 1 18 4 271.720886
2015 1 18 4 270.220886
2015 1 18 4 271.095886
2015 1 18 10 281.889526
2015 1 18 16 279.585388
2015 1 18 22 272.399628
2015 1 19 4 271.234680
2015 1 19 10 283.970154
2015 1 19 16 278.925537
2015 1 19 16 281.300537
2015 1 19 16 281.675537
2015 1 19 22 273.162537
2015 1 19 22 274.787537
2015 1 20 22 276.388153
2015 1 20 22 276.138153
2015 1 21 4 275.416992
2015 1 21 4 275.791992
2015 1 21 4 274.791992
2015 1 21 4 275.291992
2015 1 21 16 277.611206
2015 1 22 4 271.943451
2015 1 22 10 278.495514
2015 1 22 10 278.995514
2015 1 22 22 268.980804
2015 1 22 22 268.855804
2015 1 23 4 266.813995
2015 1 23 10 274.415497
2015 1 23 10 274.790497
2015 1 23 10 273.415497
2015 1 23 16 271.507141
2015 1 23 16 271.882141
2015 1 23 22 270.129822
2015 1 23 22 270.379822
2015 1 24 4 270.446960
2015 1 24 4 269.946960
2015 1 24 10 280.154724
2015 1 24 10 279.779724
2015 1 24 16 276.397491
2015 1 24 22 272.032288
2015 1 25 4 267.628479
2015 1 25 4 271.003479
2015 1 25 10 281.482910
2015 1 25 16 279.308960
2015 1 25 16 278.808960
2015 1 25 22 271.943054
2015 1 25 22 271.568054
2015 1 26 4 271.664642
2015 1 26 10 284.648804
2015 1 26 10 283.773804
2015 1 26 10 284.273804
2015 1 26 16 281.772980
2015 1 26 16 282.272980
2015 1 26 22 274.299469
2015 1 26 22 275.174469
2015 1 27 4 271.512726
2015 1 27 10 285.712402
2015 1 27 10 285.462402
2015 1 27 10 285.712402
2015 1 27 16 283.250793
2015 1 27 22 273.681335
2015 1 28 4 275.774658
2015 1 28 4 276.024658
2015 1 28 4 275.649658
2015 1 28 10 288.156006
2015 1 28 16 285.005951
2015 1 28 16 285.255951
2015 1 28 16 283.380951
2015 1 28 22 277.941254
2015 1 29 4 275.572571
2015 1 29 10 284.681458
2015 1 29 16 281.690002
2015 1 29 22 277.473267
2015 1 29 22 277.598267
2015 1 29 22 277.598267
2015 1 29 22 276.473267
2015 1 30 4 274.547974
2015 1 30 10 275.040039
2015 1 30 16 274.546326
2015 1 30 16 275.921326
2015 1 31 4 274.076172
2015 1 31 4 274.326172
2015 1 31 4 274.576172
2015 1 31 10 277.727966
2015 1 31 16 276.784851
2015 1 31 16 278.409851
2015 1 31 16 278.284851
2015 1 31 16 276.659851
2015 1 31 22 273.183685
2015 1 31 22 272.558685
2015 1 31 22 273.558685
2015 2 1 4 271.117065
2015 2 1 4 271.492065
2015 2 1 4 271.992065
2015 2 1 4 271.367065
2015 2 1 10 279.102936
2015 2 1 10 280.477936
2015 2 1 10 279.602936
2015 2 1 10 278.102936
2015 2 1 10 280.227936
2015 2 1 16 279.644714
2015 2 1 16 279.769714
2015 2 1 16 278.269714
2015 2 1 16 279.269714
2015 2 1 22 271.132599
2015 2 1 22 271.632599
2015 2 1 22 271.382599
2015 2 1 22 271.507599
2015 2 2 4 271.422058
2015 2 2 4 270.547058
2015 2 2 4 269.422058
2015 2 2 4 271.797058
2015 2 2 4 271.297058
2015 2 2 10 278.294495
2015 2 2 10 281.044495
2015 2 2 10 279.169495
2015 2 2 10 279.419495
2015 2 2 10 280.544495
2015 2 2 16 280.042816
2015 2 2 16 277.042816
2015 2 2 22 272.069641
2015 2 2 22 272.194641
2015 2 2 22 272.319641
2015 2 3 4 272.191437
2015 2 3 4 271.941437
2015 2 3 10 285.384125
2015 2 3 10 284.634125
2015 2 3 10 285.634125
2015 2 3 10 284.634125
2015 2 3 22 275.733856
2015 2 3 22 275.358856
2015 2 3 22 274.233856
2015 2 3 22 275.108856
2015 2 4 4 272.103760
2015 2 4 4 271.228760
2015 2 4 4 272.103760
2015 2 4 4 272.353760
2015 2 4 10 285.478821
2015 2 4 10 287.228821
2015 2 4 10 284.853821
2015 2 4 10 286.103821
2015 2 4 16 283.234253
2015 2 4 16 285.484253
2015 2 4 16 284.859253
2015 2 4 16 283.734253
2015 2 5 4 272.065094
2015 2 5 4 272.690094
2015 2 5 10 288.652954
2015 2 5 10 287.152954
2015 2 5 10 286.777954
2015 2 5 10 288.277954
2015 2 5 16 286.881195
2015 2 5 22 274.658295
2015 2 5 22 273.408295
2015 2 6 4 272.117859
2015 2 6 4 272.117859
2015 2 6 4 272.117859
2015 2 6 4 271.367859
2015 2 6 4 271.867859
2015 2 6 10 288.491211
2015 2 6 10 288.366211
2015 2 6 16 287.901398
2015 2 6 16 286.526398
2015 2 6 16 285.401398
2015 2 6 16 288.401398
2015 2 6 22 276.291290
2015 2 6 22 275.666290
2015 2 6 22 275.666290
2015 2 7 4 271.798706
2015 2 7 4 272.048706
2015 2 7 10 288.299622
2015 2 7 10 288.174622
2015 2 7 10 290.424622
2015 2 7 10 290.424622
2015 2 7 16 285.229950
2015 2 7 16 289.104950
2015 2 7 16 286.354950
2015 2 7 16 288.604950
2015 2 7 16 288.229950
2015 2 7 22 276.050568
2015 2 7 22 276.175568
2015 2 7 22 275.925568
2015 2 7 22 275.050568
2015 2 7 22 276.050568
2015 2 8 4 273.646423
2015 2 8 4 272.271423
2015 2 8 4 272.896423
2015 2 8 10 291.392761
2015 2 8 10 292.267761
2015 2 8 10 289.142761
2015 2 8 10 289.017761
2015 2 8 10 287.892761
2015 2 8 16 286.939087
2015 2 8 16 289.439087
2015 2 8 22 276.634430
2015 2 8 22 276.884430
2015 2 8 22 275.884430
2015 2 8 22 277.009430
2015 2 8 22 277.259430
2015 2 14 16 289.640076
2015 2 14 16 288.390076
2015 2 14 16 289.890076
2015 2 14 16 289.015076
2015 2 14 22 277.739685
2015 2 14 22 276.489685
2015 2 14 22 277.989685
2015 2 14 22 277.114685
2015 2 15 4 275.623535
2015 2 15 4 274.748535
2015 2 15 4 274.248535
2015 2 15 10 289.904358
2015 2 15 10 292.154358
2015 2 15 10 291.904358
2015 2 15 10 290.154358
2015 2 15 16 287.852142
2015 2 15 16 289.477142
2015 2 15 16 290.102142
2015 2 15 16 286.727142
2015 2 15 22 277.791504
2015 2 15 22 277.291504
2015 2 15 22 277.291504
2015 2 16 4 271.953003
2015 2 16 4 271.828003
2015 2 16 4 271.328003
2015 2 16 10 286.696533
2015 2 16 10 285.946533
2015 2 16 10 284.946533
2015 2 16 16 282.710388
2015 2 16 16 283.210388
2015 2 16 16 284.585388
2015 2 16 16 285.710388
2015 2 16 22 274.829834
2015 2 16 22 274.704834
2015 2 16 22 274.204834
2015 2 17 4 270.670837
2015 2 17 10 282.477753
2015 2 17 10 283.227753
2015 2 17 10 282.352753
2015 2 17 16 282.126221
2015 2 17 16 279.876221
2015 2 17 22 271.900482
2015 2 17 22 271.650482
2015 2 17 22 271.525482
2015 2 18 4 269.632172
2015 2 18 4 270.882172
2015 2 18 4 269.132172
2015 2 18 4 271.257172
2015 2 18 10 286.674622
2015 2 18 10 285.299622
2015 2 18 10 285.924622
2015 2 18 10 285.674622
2015 2 18 16 287.072021
2015 2 18 16 284.197021
2015 2 18 16 285.822021
2015 2 18 22 274.191498
2015 2 18 22 275.316498
2015 2 18 22 274.441498
2015 2 18 22 274.191498
2015 2 19 4 271.529755
2015 2 19 4 271.029755
2015 2 19 4 270.779755
2015 2 19 10 290.007233
2015 2 19 10 289.132233
2015 2 19 10 290.382233
2015 2 19 10 288.882233
2015 2 19 10 288.632233
2015 2 19 16 289.874054
2015 2 19 16 287.499054
2015 2 19 16 287.874054
2015 2 19 16 289.249054
2015 2 19 22 276.445587
2015 2 19 22 276.320587
2015 2 19 22 277.070587
2015 2 20 4 272.087646
2015 2 20 4 272.962646
2015 2 20 4 271.712646
2015 2 20 10 290.861542
2015 2 20 10 290.111542
2015 2 20 10 288.986542
2015 2 20 10 291.611542
2015 2 24 4 272.215881
2015 2 24 4 272.340881
2015 2 24 4 271.340881
2015 2 24 4 271.840881
2015 2 24 4 271.090881
2015 2 24 4 272.590881
2015 2 24 10 276.730896
2015 2 24 10 275.730896
2015 2 24 10 276.980896
2015 2 24 10 277.855896
2015 2 24 10 279.480896
2015 3 2 22 280.512390
2015 3 2 22 280.762390
2015 3 3 4 275.901611
2015 3 3 10 289.541626
2015 3 3 22 273.787476
2015 3 5 10 284.720001
2015 3 5 16 282.129944
2015 3 5 22 271.334900
2015 3 6 4 271.084808
2015 3 6 4 271.084808
2015 3 6 10 285.055542
2015 3 6 10 285.055542
2015 3 6 10 282.055542
2015 3 6 10 284.680542
2015 3 6 16 285.822388
2015 3 6 22 274.733521
2015 3 7 4 271.607300
2015 3 7 4 270.607300
2015 3 7 10 290.837280
2015 3 7 10 290.587280
2015 3 7 16 288.177917
2015 3 7 16 288.302917
2015 3 7 22 277.777283
2015 3 7 22 278.402283
2015 3 7 22 277.527283
2015 3 8 5 273.798889
2015 3 8 5 275.048889
2015 3 8 11 291.977112
2015 3 8 11 291.977112
2015 3 8 17 287.845581
2015 3 8 23 279.814758
2015 3 9 5 274.737946
2015 3 9 5 272.987946
2015 3 9 11 293.723694
2015 3 9 11 291.848694
2015 3 9 17 288.161469
2015 3 9 17 287.786469
2015 3 9 17 289.536469
2015 3 9 23 277.373962
2015 3 9 23 277.123962
2015 3 10 5 271.633179
2015 3 10 11 293.908966
2015 3 10 11 292.283966
2015 3 10 17 290.514221
2015 3 10 17 290.764221
2015 3 10 17 288.764221
2015 3 10 23 276.694000
2015 3 10 23 276.694000
2015 3 10 23 276.819000
2015 3 11 5 273.930969
2015 3 11 5 271.680969
2015 3 11 5 272.305969
2015 3 11 5 272.305969
2015 3 11 5 274.305969
2015 3 11 11 294.461334
2015 3 11 11 295.711334
2015 3 11 11 296.211334
2015 3 11 17 291.926483
2015 3 11 17 290.801483
2015 3 11 23 280.362305
2015 3 11 23 279.987305
2015 3 11 23 281.237305
2015 3 12 5 276.869507
2015 3 12 17 290.278107
2015 3 12 17 290.903107
2015 3 12 17 290.903107
2015 3 12 23 281.818481
2015 3 12 23 281.943481
2015 3 13 5 278.966614
2015 3 13 5 277.716614
2015 3 13 5 278.091614
2015 3 13 11 293.823486
2015 3 13 11 295.073486
2015 3 13 11 294.073486
2015 3 13 17 291.287872
2015 3 13 23 282.245239
2015 3 13 23 281.620239
2015 3 13 23 281.745239
2015 3 14 5 277.055237
2015 3 14 5 274.930237
2015 3 14 5 275.805237
2015 3 14 5 276.180237
2015 3 14 11 294.232758
2015 3 14 11 294.982758
2015 3 14 17 290.748016
2015 3 14 23 277.385193
2015 3 15 5 275.222656
2015 3 15 5 274.972656
2015 3 15 11 294.328613
2015 3 15 11 293.953613
2015 3 15 11 295.328613
2015 3 15 17 292.864258
2015 3 15 17 291.989258
2015 3 15 23 279.818542
2015 3 15 23 280.318542
2015 3 16 5 272.668762
2015 3 16 5 272.418762
2015 3 16 5 275.793762
2015 3 16 11 295.741211
2015 3 16 17 294.390961
2015 3 16 17 294.390961
2015 3 16 17 293.890961
2015 3 17 5 278.778809
2015 3 17 5 276.028809
2015 3 17 5 276.028809
2015 3 17 11 296.426910
2015 3 17 11 295.551910
2015 3 17 17 291.335571
2015 3 17 17 292.210571
2015 3 17 23 281.989410
2015 3 17 23 281.864410
2015 3 18 23 283.507538
2015 3 18 23 283.882538
2015 3 18 23 283.757538
2015 3 19 5 278.159821
2015 3 19 5 279.159821
2015 3 19 11 295.322876
2015 3 19 23 282.968719
2015 3 19 23 282.968719
2015 3 19 23 282.468719
2015 3 20 5 280.277710
2015 3 20 5 280.652710
2015 3 20 11 292.742371
2015 3 20 11 291.742371
2015 3 20 11 291.617371
2015 3 20 11 291.367371
2015 3 20 17 289.503265
2015 3 20 17 289.628265
2015 3 20 17 290.253265
2015 3 20 17 289.753265
2015 3 20 23 278.550171
2015 3 20 23 280.425171
2015 3 20 23 278.425171
2015 3 21 5 276.391785
2015 3 21 17 292.823669
2015 3 21 17 293.073669
2015 3 21 23 279.657837
2015 3 21 23 281.282837
2015 3 22 5 274.626617
2015 3 22 5 276.751617
2015 3 22 11 298.741760
2015 3 22 11 296.241760
2015 3 22 11 296.866760
2015 3 22 17 295.588196
2015 3 22 17 293.588196
2015 3 22 23 282.305664
2015 3 23 17 294.323486
2015 3 23 23 279.412720
2015 3 24 5 276.557800
2015 3 24 5 276.932800
2015 3 24 5 273.432800
2015 3 24 11 296.175293
2015 3 24 17 295.578369
2015 3 24 17 295.078369
2015 3 24 17 295.203369
2015 3 24 23 281.415497
2015 3 24 23 283.665497
2015 3 24 23 283.790497
2015 3 25 23 277.587311
2015 3 25 23 280.212311
2015 3 25 23 278.587311
2015 3 25 23 277.712311
2015 3 26 5 271.899536
2015 3 26 5 272.524536
2015 3 26 5 271.274536
2015 3 26 17 291.106079
2015 3 26 17 292.356079
2015 3 26 17 293.106079
2015 3 26 23 277.954773
2015 3 26 23 280.579773
2015 3 27 5 273.638000
2015 3 27 5 276.263000
2015 3 27 5 272.888000
2015 3 27 5 272.638000
2015 3 27 11 299.858948
2015 3 27 11 297.483948
2015 3 27 17 298.209106
2015 3 27 17 297.834106
2015 3 27 17 295.834106
2015 3 27 23 280.511841
2015 3 27 23 283.011841
2015 3 28 5 275.744171
2015 3 28 5 274.994171
2015 3 28 11 301.219482
2015 3 28 11 302.719482
2015 3 29 5 276.150604
2015 3 29 5 275.650604
2015 3 29 5 275.275604
2015 3 29 11 302.866577
2015 3 29 11 301.866577
2015 3 29 17 298.842957
2015 3 29 17 298.842957
2015 3 29 17 297.217957
2015 3 29 23 288.514740
2015 3 29 23 286.639740
2015 3 29 23 286.889740
2015 3 29 23 287.639740
2015 3 30 5 279.014099
2015 3 30 5 281.014099
2015 3 30 5 279.139099
2015 3 30 5 281.389099
2015 3 30 5 278.889099
2015 3 30 11 302.933746
2015 3 30 11 302.683746
2015 3 30 11 301.308746
2015 3 30 17 299.124573
2015 3 30 23 285.674866
2015 3 31 5 280.658173
2015 3 31 5 277.533173
2015 3 31 11 305.012970
2015 3 31 11 304.637970
2015 3 31 11 304.262970
2015 3 31 17 298.999786
2015 3 31 17 298.999786
2015 3 31 17 298.999786
2015 3 31 17 297.249786
2015 3 31 23 284.777740
2015 3 31 23 284.027740
2015 4 1 5 280.189941
2015 4 1 5 278.689941
2015 4 1 11 297.958984
2015 4 1 11 297.833984
2015 4 1 11 297.958984
2015 4 2 5 277.947083
2015 4 2 5 275.447083
2015 4 2 5 276.572083
2015 4 2 5 276.197083
2015 4 2 5 278.072083
2015 4 2 11 297.995697
2015 4 2 11 296.370697
2015 4 2 17 294.589722
2015 4 2 17 294.464722
2015 4 2 17 292.714722
2015 4 2 17 293.089722
2015 4 2 17 294.089722
2015 4 2 17 293.589722
2015 4 2 23 280.524078
2015 4 2 23 281.524078
2015 4 2 23 280.899078
2015 4 3 5 274.657166
2015 4 3 11 294.772125
2015 4 3 11 294.897125
2015 4 3 11 294.897125
2015 4 3 17 292.320953
2015 4 3 17 291.320953
2015 4 3 17 292.445953
2015 4 3 23 280.750000
2015 4 3 23 279.875000
2015 4 3 23 279.875000
2015 4 3 23 279.375000
2015 4 3 23 280.875000
2015 4 4 5 274.579407
2015 4 4 5 276.079407
2015 4 4 5 274.954407
2015 4 4 11 295.104248
2015 4 4 11 294.729248
2015 4 4 11 295.854248
2015 4 4 17 292.713318
2015 4 4 17 293.338318
2015 4 4 17 293.338318
2015 4 4 23 283.729309
2015 4 4 23 283.229309
2015 4 4 23 283.604309
2015 4 5 5 280.877777
2015 4 5 5 281.627777
2015 4 5 11 299.894653
2015 4 5 11 298.644653
2015 4 5 17 296.808411
2015 4 5 23 282.587158
2015 4 5 23 282.587158
2015 4 6 5 277.713501
2015 4 6 5 278.213501
2015 4 6 11 300.127075
2015 4 6 11 298.877075
2015 4 6 11 300.502075
2015 4 6 17 297.270569
2015 4 6 17 296.145569
2015 4 6 23 280.767975
2015 4 6 23 280.642975
2015 4 7 5 274.324127
2015 4 7 5 278.449127
2015 4 7 5 275.324127
2015 4 7 5 274.699127
2015 4 7 11 300.163666
2015 4 7 11 298.663666
2015 4 7 17 295.937897
2015 4 7 17 297.562897
2015 4 7 17 297.187897
2015 4 7 23 283.048920
2015 4 7 23 281.548920
2015 4 8 5 276.256409
2015 4 8 5 279.506409
2015 4 8 11 299.763428
2015 4 8 11 299.138428
2015 4 8 17 296.340942
2015 4 8 17 295.590942
2015 4 8 17 295.715942
2015 4 8 23 282.450134
2015 4 8 23 280.700134
2015 4 9 5 273.338928
2015 4 9 5 273.588928
2015 4 9 5 275.213928
2015 4 9 5 275.588928
2015 4 9 11 295.678711
2015 4 9 11 294.928711
2015 4 9 11 295.928711
2015 4 20 23 287.545624
2015 4 20 23 285.545624
2015 4 20 23 286.045624
2015 4 21 5 277.137482
2015 4 21 5 276.512482
2015 4 21 11 304.802734
2015 4 21 11 302.802734
2015 4 21 11 304.052734
2015 4 21 17 298.587646
2015 4 21 17 298.587646
2015 4 21 17 298.587646
2015 4 21 17 297.462646
2015 4 21 23 288.482635
2015 4 21 23 288.357635
2015 4 21 23 289.482635
2015 4 22 5 277.676178
2015 4 22 5 278.676178
2015 4 22 11 303.823486
2015 4 22 11 303.698486
2015 4 22 17 299.036621
2015 4 22 17 298.536621
2015 4 22 17 298.661621
2015 4 22 17 298.661621
2015 4 22 23 286.059204
2015 4 22 23 281.684204
2015 4 22 23 281.809204
2015 4 22 23 282.684204
2015 4 23 5 275.634827
2015 4 23 5 274.884827
2015 4 23 5 280.509827
2015 4 23 5 279.134827
2015 4 23 11 302.362549
2015 4 23 11 303.487549
2015 4 23 11 303.112549
2015 4 23 17 296.716553
2015 4 23 17 296.841553
2015 4 23 17 296.966553
2015 4 23 23 285.435181
2015 4 24 5 281.966492
2015 4 24 5 280.091492
2015 4 24 5 283.466492
2015 4 24 5 284.341492
2015 4 24 11 296.215820
2015 4 24 11 294.965820
2015 4 24 11 295.215820
2015 4 24 11 296.215820
2015 4 24 17 292.485840
2015 4 24 17 293.110840
2015 4 24 17 292.735840
2015 4 24 17 292.360840
2015 4 24 23 282.864441
2015 4 24 23 280.239441
2015 4 25 5 275.236938
2015 4 25 5 276.111938
2015 4 25 5 275.361938
2015 4 25 5 279.236938
2015 4 25 17 296.833740
2015 4 25 17 296.958740
2015 4 25 23 283.798218
2015 4 25 23 284.548218
2015 4 25 23 282.548218
2015 4 25 23 285.048218
2015 4 26 5 282.821869
2015 4 26 5 282.446869
2015 4 26 5 282.071869
2015 4 26 5 283.821869
2015 4 26 11 291.136963
2015 4 26 11 293.011963
2015 4 26 17 290.785400
2015 4 26 17 289.785400
2015 4 26 17 289.535400
2015 4 26 17 289.660400
2015 4 26 17 290.285400
2015 4 26 23 283.007324
2015 4 26 23 282.382324
2015 4 26 23 281.757324
2015 4 27 5 279.759705
2015 4 27 5 277.384705
2015 4 27 5 277.384705
2015 4 27 11 297.729492
2015 4 27 11 297.104492
2015 4 27 11 297.604492
2015 4 27 11 296.729492
2015 4 27 17 293.326660
2015 4 27 17 292.951660
2015 4 27 17 293.826660
2015 4 27 23 283.445557
2015 4 27 23 282.445557
2015 4 28 5 279.947754
2015 4 28 5 278.697754
2015 4 28 5 280.572754
2015 4 28 11 298.482178
2015 4 28 11 298.857178
2015 4 28 17 294.296387
2015 4 28 23 280.031006
2015 4 28 23 283.781006
2015 4 28 23 280.031006
2015 4 29 5 275.005371
2015 4 29 5 275.755371
2015 4 29 5 278.255371
2015 4 29 11 301.151611
2015 4 29 11 301.901611
2015 4 29 11 301.651611
2015 4 29 17 299.217041
2015 4 29 17 299.092041
2015 4 29 17 299.092041
2015 4 29 23 283.394531
2015 4 29 23 283.019531
2015 4 29 23 286.019531
2015 4 29 23 285.394531
2015 4 30 5 281.544434
2015 4 30 5 280.669434
2015 4 30 5 277.419434
2015 4 30 11 304.958252
2015 4 30 11 304.458252
2015 4 30 17 300.388916
2015 5 1 5 279.996094
2015 5 1 5 279.496094
2015 5 1 11 307.146240
2015 5 1 11 307.521240
2015 5 1 17 301.517578
2015 5 1 23 290.399658
2015 5 2 5 284.704346
2015 5 2 11 307.054199
2015 5 2 11 307.804199
2015 5 2 11 307.804199
2015 5 2 17 300.078125
2015 5 2 17 299.453125
2015 5 2 17 300.828125
2015 5 2 23 287.879242
2015 5 2 23 286.129242
2015 5 3 5 284.859863
2015 5 3 11 305.889160
2015 5 3 23 288.473389
2015 5 3 23 289.098389
2015 5 3 23 290.473389
2015 5 4 5 285.783936
2015 5 4 5 281.908936
2015 5 4 5 285.908936
2015 5 4 5 284.033936
2015 5 4 11 304.628906
2015 5 4 11 305.128906
2015 5 4 11 305.128906
2015 5 4 17 299.259521
2015 5 4 23 286.684814
2015 5 4 23 288.434814
2015 5 5 5 283.879303
2015 5 5 17 294.158447
2015 5 5 17 292.158447
2015 5 5 23 284.232849
2015 5 6 5 280.198608
2015 5 6 5 280.198608
2015 5 6 5 280.448608
2015 5 6 11 301.309814
2015 5 6 11 299.559814
2015 5 6 17 295.656006
2015 5 6 23 284.393127
2015 5 6 23 283.893127
2015 5 6 23 286.518127
2015 5 7 5 282.528137
2015 5 7 17 297.315674
2015 5 7 17 296.440674
2015 5 7 17 297.440674
2015 5 7 23 283.704590
2015 5 8 5 278.904541
2015 5 8 23 283.332520
2015 5 9 5 276.606873
2015 5 9 11 293.943848
2015 5 9 11 294.693848
2015 5 9 11 293.943848
2015 5 9 17 291.700195
2015 5 9 17 290.450195
2015 5 9 23 279.711182
2015 5 9 23 279.586182
2015 5 9 23 281.836182
2015 5 10 5 278.084442
2015 5 10 5 274.459442
2015 5 10 11 298.408447
2015 5 10 11 298.783447
2015 5 10 17 295.901367
2015 5 10 23 281.212646
2015 5 10 23 284.462646
2015 5 11 5 276.473816
2015 5 11 5 279.473816
2015 5 11 5 275.973816
2015 5 11 5 276.848816
2015 5 11 5 276.223816
2015 5 11 11 302.508057
2015 5 11 11 302.008057
2015 5 11 11 301.758057
2015 5 11 23 285.250977
2015 5 11 23 285.750977
2015 5 11 23 287.250977
2015 5 11 23 285.250977
2015 5 11 23 287.250977
2015 5 12 5 283.268311
2015 5 12 5 280.768311
2015 5 12 11 301.951660
2015 5 12 11 301.826660
2015 5 12 17 295.404541
2015 5 12 23 286.741699
2015 5 12 23 285.616699
2015 5 12 23 285.741699
2015 5 12 23 286.866699
2015 5 13 5 284.203369
2015 5 13 5 283.828369
2015 5 13 11 300.971436
2015 5 13 11 298.846436
2015 5 13 11 300.221436
2015 5 13 23 286.547119
2015 5 13 23 286.422119
2015 5 13 23 285.172119
2015 5 14 5 285.110596
2015 5 14 11 301.456299
2015 5 14 11 302.081299
2015 5 14 11 301.831299
2015 5 14 17 297.369873
2015 5 14 23 285.156647
2015 5 15 11 298.859619
2015 5 15 11 298.984619
2015 5 15 17 291.116211
2015 5 15 17 292.241211
2015 5 15 17 292.741211
2015 5 16 5 280.938721
2015 5 16 5 278.563721
2015 5 16 5 280.813721
2015 5 16 11 291.119873
2015 5 16 11 288.244873
2015 5 16 11 290.119873
2015 5 16 11 291.119873
2015 5 16 17 290.499756
2015 5 16 17 291.874756
2015 5 16 23 281.782227
2015 5 16 23 281.157227
2015 5 16 23 279.907227
2015 5 17 5 276.632324
2015 5 17 5 276.132324
2015 5 17 11 298.900879
2015 5 17 17 296.711670
2015 5 17 23 282.715332
2015 5 17 23 282.215332
2015 5 18 5 277.861816
2015 5 18 5 278.111816
2015 5 18 11 302.629395
2015 5 18 11 303.754395
2015 5 18 11 303.004395
2015 5 18 11 303.129395
2015 5 18 11 303.004395
2015 5 18 17 299.660156
2015 5 18 17 298.035156
2015 5 18 17 299.410156
2015 5 18 17 300.285156
2015 5 18 23 288.231934
2015 5 19 11 300.921387
2015 5 19 11 300.296387
2015 5 19 17 298.564697
2015 5 19 17 298.814697
2015 5 19 23 284.801514
2015 5 19 23 283.801514
2015 5 20 5 278.060791
2015 5 20 5 281.310791
2015 5 20 11 303.505371
2015 5 20 17 298.292236
2015 5 20 17 298.917236
2015 5 20 23 286.258057
2015 5 21 5 285.350830
2015 5 21 11 300.142578
2015 5 21 11 299.767578
2015 5 21 17 293.388672
2015 5 21 17 292.138672
2015 5 22 5 284.242676
2015 5 22 11 300.288818
2015 5 22 17 297.280762
2015 5 22 23 284.199463
2015 5 23 5 277.598145
2015 5 23 5 277.973145
2015 5 23 5 280.598145
2015 5 23 11 300.149902
2015 5 23 17 298.044434
2015 5 23 17 297.919434
2015 5 23 17 296.419434
2015 5 23 23 285.060791
2015 5 23 23 282.935791
2015 5 24 11 300.923096
2015 5 24 11 300.298096
2015 5 24 11 300.923096
2015 5 24 17 296.179688
2015 5 24 23 285.648682
2015 5 24 23 286.523682
2015 5 25 5 280.101562
2015 5 25 5 280.726562
2015 5 25 11 301.584473
2015 5 25 11 301.834473
2015 5 25 11 301.209473
2015 5 25 17 295.960693
2015 5 25 17 295.460693
2015 5 25 23 283.531738
2015 5 25 23 284.531738
2015 5 26 5 282.061523
2015 5 26 5 279.311523
2015 5 26 11 303.145264
2015 5 26 11 303.895264
2015 5 26 17 299.343506
2015 5 26 17 300.343506
2015 5 26 23 286.694092
2015 5 26 23 288.569092
2015 5 27 5 284.994629
2015 5 27 11 306.309326
2015 5 27 11 305.809326
2015 5 27 17 300.278809
2015 5 27 23 286.702637
2015 5 27 23 286.452637
2015 5 28 11 306.908691
2015 5 28 11 305.533691
2015 5 28 17 304.078613
2015 5 28 17 303.828613
2015 5 28 17 302.328613
2015 5 28 23 289.702881
2015 5 29 5 281.835693
2015 5 29 17 302.299316
2015 5 29 17 301.549316
2015 5 29 17 301.674316
2015 5 30 5 283.592285
2015 5 30 11 306.231445
2015 5 30 11 305.981445
2015 5 30 11 305.731445
2015 5 30 17 303.644775
2015 5 30 23 288.911133
2015 5 31 5 286.236084
2015 5 31 11 308.889648
2015 5 31 11 308.514648
2015 5 31 11 308.389648
2015 5 31 11 309.014648
2015 5 31 17 306.626465
2015 5 31 17 305.751465
2015 6 1 5 288.381348
2015 6 1 5 284.381348
2015 6 1 23 294.068604
2015 6 2 5 282.022461
2015 6 2 5 282.772461
2015 6 2 5 286.022461
2015 6 2 5 287.272461
2015 6 2 11 310.045410
2015 6 2 17 307.183105
2015 6 2 17 306.933105
2015 6 3 5 282.165283
2015 6 3 11 309.371338
2015 6 3 11 309.621338
2015 6 3 11 310.621338
2015 6 3 17 306.705566
2015 6 3 17 306.705566
2015 6 3 23 292.743408
2015 6 3 23 289.368408
2015 6 4 5 282.829102
2015 6 4 5 282.329102
2015 6 4 5 281.579102
2015 6 4 11 309.821289
2015 6 4 11 310.571289
2015 6 4 23 293.953857
2015 6 5 5 287.341553
2015 6 5 5 288.341553
2015 6 5 11 310.133545
2015 6 5 17 304.210938
2015 6 5 23 292.512451
2015 6 5 23 293.887451
2015 6 6 5 289.230469
2015 6 6 5 289.355469
2015 6 6 11 309.632324
2015 6 6 17 306.006348
2015 6 6 17 305.256348
2015 6 6 17 305.631348
2015 6 6 23 291.410156
2015 6 7 5 286.069580
2015 6 7 5 288.319580
2015 6 7 11 310.258057
2015 6 7 11 310.383057
2015 6 7 11 309.758057
2015 6 7 17 306.465088
2015 6 7 17 305.465088
2015 6 7 17 306.715088
2015 6 7 17 306.340088
2015 6 7 23 294.038818
2015 6 7 23 293.288818
2015 6 8 5 286.639160
2015 6 8 5 287.639160
2015 6 8 5 287.014160
2015 6 8 17 307.786865
2015 6 8 17 308.411865
2015 6 8 23 296.230713
2015 6 9 5 290.854980
2015 6 9 5 292.729980
2015 6 9 5 292.729980
2015 6 9 11 310.068115
2015 6 9 17 302.829346
2015 6 10 17 304.431641
2015 6 10 17 303.681641
2015 6 10 23 293.446289
2015 6 11 5 292.463379
2015 6 11 5 288.588379
2015 6 11 5 288.588379
2015 6 11 5 290.088379
2015 6 11 11 309.516113
2015 6 11 17 308.000488
2015 6 11 23 291.826660
2015 6 11 23 293.451660
2015 6 11 23 290.576660
2015 6 12 11 308.867920
2015 6 12 11 308.617920
2015 6 12 17 305.405518
2015 6 12 17 306.155518
2015 6 12 23 291.199707
2015 6 13 5 291.295898
2015 6 13 11 308.503662
2015 6 13 17 298.915039
2015 6 13 17 300.040039
2015 6 13 23 294.118164
2015 6 13 23 291.868164
2015 6 13 23 291.993164
2015 6 13 23 292.368164
2015 6 14 5 287.652100
2015 6 14 11 308.484619
2015 6 14 11 307.984619
2015 6 14 17 305.819580
2015 6 14 23 294.779297
2015 6 15 5 286.873535
2015 6 15 5 289.748535
2015 6 15 11 310.191162
2015 6 15 11 309.566162
2015 6 15 11 310.691162
2015 6 15 17 306.467041
2015 6 15 17 307.842041
2015 6 15 23 294.342285
2015 6 15 23 293.092285
2015 6 15 23 295.342285
2015 6 16 11 310.019287
2015 6 16 11 310.769287
2015 6 16 17 308.501221
2015 6 16 17 308.501221
2015 6 16 17 307.251221
2015 6 16 17 306.876221
2015 6 16 23 297.724609
2015 6 16 23 295.724609
2015 6 17 5 288.771973
2015 6 17 17 309.919678
2015 6 17 23 296.795898
2015 6 18 5 287.777588
2015 6 18 5 291.402588
2015 6 18 5 287.277588
2015 6 18 11 312.467773
2015 6 18 11 311.592773
2015 6 18 11 313.342773
2015 6 20 11 314.897949
2015 6 20 17 311.843506
2015 6 20 17 311.968506
2015 6 20 23 292.921387
2015 6 20 23 292.546387
2015 6 21 5 287.203369
2015 6 21 11 316.328857
2015 6 21 17 313.260254
2015 6 21 17 313.260254
2015 6 21 23 294.364502
2015 6 21 23 297.739502
2015 6 21 23 298.614502
2015 6 22 5 287.822021
2015 6 22 11 315.878662
2015 6 22 17 312.396240
2015 6 22 17 314.021240
2015 6 22 23 299.865479
2015 6 22 23 297.240479
2015 6 22 23 294.490479
2015 6 23 11 315.506836
2015 6 23 11 315.256836
2015 6 23 17 310.972412
2015 6 23 17 310.847412
2015 6 23 17 311.847412
2015 6 23 23 294.710205
2015 6 23 23 296.710205
2015 6 23 23 295.085205
2015 6 23 23 294.835205
2015 6 24 5 288.646240
2015 6 24 5 288.646240
2015 6 24 5 291.646240
2015 6 24 11 311.657227
2015 6 24 11 311.782227
2015 6 24 17 309.175537
2015 6 24 17 310.800537
2015 6 24 23 298.440674
2015 6 24 23 294.690674
2015 6 25 17 311.243408
2015 6 25 23 299.389160
2015 6 25 23 295.889160
2015 6 26 5 292.620361
2015 6 26 5 289.370361
2015 6 26 5 289.370361
2015 6 26 11 314.745605
2015 6 26 11 314.745605
2015 6 26 17 311.367188
2015 6 26 17 309.617188
2015 6 26 23 296.466797
2015 6 26 23 298.466797
2015 6 27 5 293.537598
2015 6 27 5 290.912598
2015 6 27 5 290.787598
2015 6 27 11 311.910645
2015 6 27 11 310.035645
2015 6 27 23 295.461182
2015 6 28 5 292.873535
2015 6 28 5 288.873535
2015 6 28 5 288.248535
2015 6 28 11 313.073730
2015 6 28 11 312.948730
2015 6 28 17 310.303711
2015 6 28 17 310.928711
2015 6 28 17 310.428711
2015 6 28 23 298.104492
2015 6 29 5 288.827637
2015 6 29 11 314.309082
2015 6 29 23 297.301758
2015 6 30 5 292.975830
2015 6 30 11 313.695557
2015 6 30 17 312.033203
2015 6 30 23 295.070557
2015 6 30 23 295.070557
2015 7 1 5 289.465576
2015 7 1 11 314.837158
2015 7 1 11 314.712158
2015 7 1 23 297.715820
2015 7 1 23 300.340820
2015 7 1 23 296.340820
2015 7 2 17 310.811035
2015 7 2 23 296.265137
2015 7 2 23 298.390137
2015 7 3 5 294.819336
2015 7 3 5 292.319336
2015 7 3 5 294.819336
2015 7 3 5 292.819336
2015 7 3 11 311.390869
2015 7 3 11 312.515869
2015 7 3 17 310.054688
2015 7 3 17 307.804688
2015 7 4 5 294.205078
2015 7 4 5 291.830078
2015 7 4 5 294.455078
2015 7 4 11 312.984131
2015 7 4 17 310.258789
2015 7 5 11 312.536377
2015 7 5 11 311.536377
2015 7 5 23 296.298340
2015 7 6 11 309.217773
2015 7 6 23 295.461182
2015 7 6 23 295.961182
2015 7 6 23 293.461182
2015 7 6 23 295.211182
2015 7 7 5 291.233887
2015 7 7 11 306.346191
2015 7 7 11 306.096191
2015 7 7 23 292.183838
2015 7 7 23 293.308838
2015 7 8 5 288.603271
2015 7 8 5 288.103271
2015 7 8 11 307.397705
2015 7 8 11 306.897705
2015 7 8 17 303.500977
2015 7 8 17 305.000977
2015 7 8 23 293.149658
2015 7 8 23 292.024658
2015 7 8 23 293.524658
2015 7 9 5 289.473633
2015 7 9 11 306.539062
2015 7 9 17 298.919678
2015 7 9 23 292.624756
2015 7 9 23 291.874756
2015 7 10 5 288.742188
2015 7 10 5 287.367188
2015 7 10 11 306.558350
2015 7 10 11 307.058350
2015 7 10 11 306.683350
2015 7 10 17 300.781738
2015 7 10 23 292.373779
2015 7 10 23 291.998779
2015 7 10 23 292.123779
2015 7 11 5 287.582764
2015 7 11 5 289.207764
2015 7 11 5 287.207764
2015 7 11 11 308.425049
2015 7 11 11 307.800049
2015 7 11 11 308.175049
2015 7 11 17 303.857422
2015 7 11 17 304.982422
2015 7 11 17 304.982422
2015 7 11 23 293.067139
2015 7 11 23 292.567139
2015 7 11 23 293.942139
2015 7 12 5 290.319336
2015 7 12 11 310.923828
2015 7 12 11 311.298828
2015 7 12 17 307.825439
2015 7 12 17 308.325439
2015 7 12 23 293.218994
2015 7 12 23 292.968994
2015 7 13 5 291.237305
2015 7 13 5 288.487305
2015 7 13 5 289.737305
2015 7 13 11 309.099609
2015 7 13 17 306.721924
2015 7 13 17 306.096924
2015 7 13 23 296.450928
2015 7 13 23 296.700928
2015 7 13 23 296.325928
2015 7 14 5 289.061523
2015 7 14 5 290.686523
2015 7 14 5 291.436523
2015 7 14 11 309.699707
2015 7 14 17 304.078857
2015 7 14 23 294.480225
2015 7 15 5 289.833008
2015 7 15 5 289.958008
2015 7 15 11 310.076172
2015 7 15 11 308.951172
2015 7 15 11 309.451172
2015 7 15 17 305.330811
2015 7 15 17 306.330811
2015 7 15 23 294.004150
2015 7 16 5 290.463135
2015 7 16 5 290.338135
2015 7 16 11 309.981689
2015 7 16 17 307.262939
2015 7 16 17 308.137939
2015 7 16 17 308.512939
2015 7 16 23 293.573486
2015 7 17 5 290.343262
2015 7 17 5 288.718262
2015 7 17 11 306.855469
2015 7 17 11 306.730469
2015 7 17 23 295.199707
2015 7 18 5 290.337646
2015 7 18 11 310.633057
2015 7 18 11 310.008057
2015 7 18 17 304.720215
2015 7 18 17 306.595215
2015 7 18 23 297.115723
2015 7 18 23 296.365723
2015 7 18 23 295.365723
2015 7 18 23 296.740723
2015 7 19 5 292.169678
2015 7 19 11 310.075928
2015 7 19 11 309.575928
2015 7 19 11 309.950928
2015 7 19 17 306.921875
2015 7 19 17 306.046875
2015 7 19 17 307.296875
2015 7 19 23 292.470215
2015 7 20 5 289.823486
2015 7 20 5 291.448486
2015 7 20 5 290.073486
2015 7 20 11 310.596191
2015 7 20 17 305.306152
2015 7 21 5 289.840576
2015 7 21 5 290.965576
2015 7 21 11 309.369873
2015 7 21 11 309.244873
2015 7 21 17 307.265625
2015 7 21 17 307.515625
2015 7 21 17 306.890625
2015 7 21 17 307.390625
2015 7 21 17 307.390625
2015 7 21 23 297.016113
2015 7 21 23 293.891113
2015 7 22 5 289.461426
2015 7 22 11 311.143311
2015 7 22 23 292.401123
2015 7 22 23 293.651123
2015 7 22 23 295.276123
2015 7 22 23 295.526123
2015 7 22 23 293.526123
2015 7 23 5 291.930176
2015 7 23 11 311.481689
2015 7 23 17 309.003906
2015 7 23 23 296.345459
2015 7 23 23 295.970459
2015 7 23 23 297.720459
2015 7 24 11 312.362061
2015 7 24 11 312.987061
2015 7 24 17 308.471680
2015 7 25 11 312.345947
2015 7 25 11 312.720947
2015 7 25 17 310.226074
2015 7 26 5 290.512939
2015 7 26 5 293.262939
2015 7 26 5 290.762939
2015 7 26 5 290.387939
2015 7 26 11 314.329590
2015 7 26 17 310.574951
2015 7 26 23 297.770264
2015 7 26 23 295.770264
2015 7 26 23 296.645264
2015 7 27 5 293.687012
2015 7 27 11 310.384277
2015 7 27 17 305.284180
2015 7 27 17 308.284180
2015 7 27 17 305.659180
2015 7 27 23 297.957764
2015 7 27 23 296.457764
2015 7 28 11 312.836914
2015 7 28 11 313.586914
2015 7 28 23 295.784668
2015 7 29 11 309.377686
2015 7 29 11 309.252686
2015 7 29 17 301.492676
2015 7 29 23 296.130371
2015 7 29 23 295.380371
2015 7 30 5 293.674316
2015 7 30 5 293.174316
2015 7 30 11 308.804932
2015 7 30 11 308.804932
2015 7 30 17 303.795654
2015 7 30 17 304.045654
2015 7 30 23 295.728516
2015 7 31 17 306.155029
2015 7 31 23 296.385742
2015 8 1 5 291.499268
2015 8 1 5 290.749268
2015 8 1 17 307.060059
2015 8 1 17 306.310059
2015 8 1 23 296.527100
2015 8 2 17 303.115967
2015 8 2 17 303.740967
2015 8 2 23 295.313965
2015 8 2 23 296.188965
2015 8 2 23 294.813965
2015 8 3 5 290.315918
2015 8 3 11 310.230225
2015 8 3 11 310.230225
2015 8 3 11 309.105225
2015 8 3 23 293.206787
2015 8 4 5 287.481445
2015 8 4 5 287.856445
2015 8 4 11 311.454834
2015 8 4 11 311.954834
2015 8 4 17 308.604736
2015 8 4 17 309.479736
2015 8 4 17 309.354736
2015 8 4 17 309.604736
2015 8 4 17 309.479736
2015 8 4 23 296.133545
2015 8 4 23 296.633545
2015 8 4 23 294.133545
2015 8 5 5 288.425293
2015 8 5 11 314.276855
2015 8 5 11 313.276855
2015 8 5 17 309.060791
2015 8 5 17 310.685791
2015 8 5 23 294.235596
2015 8 6 5 289.388428
2015 8 6 11 313.102539
2015 8 6 17 310.090820
2015 8 6 17 310.215820
2015 8 6 17 310.340820
2015 8 6 23 298.587891
2015 8 7 5 290.937988
2015 8 7 17 306.601318
2015 8 7 17 306.351318
2015 8 7 17 306.101318
2015 8 7 23 296.915771
2015 8 8 5 292.958984
2015 8 8 5 292.958984
2015 8 8 5 291.458984
2015 8 8 23 292.144531
2015 8 8 23 293.769531
2015 8 8 23 294.019531
2015 8 9 11 309.771973
2015 8 9 11 309.521973
2015 8 9 11 309.771973
2015 8 9 17 308.038330
2015 8 9 17 308.038330
2015 8 9 17 308.163330
2015 8 9 23 292.911621
2015 8 9 23 293.911621
2015 8 9 23 293.286621
2015 8 10 5 291.697998
2015 8 10 5 288.572998
2015 8 10 11 311.799072
2015 8 10 11 312.049072
2015 8 10 17 307.369141
2015 8 10 17 308.494141
2015 8 10 17 305.994141
2015 8 10 17 308.369141
2015 8 10 23 296.340820
2015 8 10 23 295.090820
2015 8 10 23 296.465820
2015 8 11 5 290.460449
2015 8 11 5 293.585449
2015 8 11 11 310.607178
2015 8 11 11 310.357178
2015 8 11 11 310.232178
2015 8 11 17 305.871582
2015 8 11 23 297.360352
2015 8 11 23 297.860352
2015 8 12 5 291.955566
2015 8 12 5 291.455566
2015 8 12 5 289.080566
2015 8 12 11 310.991455
2015 8 12 11 311.616455
2015 8 12 17 307.999023
2015 8 12 23 292.074707
2015 8 13 5 287.051514
2015 8 13 11 312.899902
2015 8 13 11 312.524902
2015 8 13 11 312.524902
2015 8 13 17 309.249756
2015 8 13 17 309.249756
2015 8 13 23 295.274902
2015 8 14 5 289.128418
2015 8 14 5 292.753418
2015 8 14 17 310.216309
2015 8 14 17 310.466309
2015 8 14 23 297.283203
2015 8 15 5 291.477539
2015 8 15 5 290.477539
2015 8 15 11 314.007080
2015 8 15 11 313.507080
2015 8 15 11 314.132080
2015 8 15 11 313.632080
2015 8 15 17 310.912598
2015 8 15 17 310.412598
2015 8 15 17 310.787598
2015 8 15 23 298.009277
2015 8 16 5 290.963135
2015 8 16 5 293.963135
2015 8 16 11 312.444824
2015 8 16 17 310.348877
2015 8 16 23 295.593750
2015 8 16 23 295.968750
2015 8 17 5 290.929932
2015 8 17 5 290.179932
2015 8 17 5 290.179932
2015 8 17 11 312.779297
2015 8 17 17 309.947510
2015 8 17 23 298.681641
2015 8 18 5 293.247314
2015 8 18 5 290.247314
2015 8 18 17 309.999268
2015 8 18 17 309.749268
2015 8 18 23 293.864990
2015 8 19 5 289.444092
2015 8 19 23 294.031494
2015 8 20 5 287.822754
2015 8 20 5 287.697754
2015 8 20 11 309.939941
2015 8 20 11 310.689941
2015 8 20 17 309.024414
2015 8 20 23 295.466064
2015 8 21 5 286.738770
2015 8 21 11 313.052002
2015 8 21 11 312.177002
2015 8 21 17 308.035400
2015 8 21 23 294.013184
2015 8 21 23 296.388184
2015 8 21 23 292.763184
2015 8 21 23 295.888184
2015 8 21 23 294.263184
2015 8 22 5 287.093506
2015 8 22 11 311.890625
2015 8 22 17 309.188232
2015 8 22 23 294.448730
2015 8 23 5 290.576416
2015 8 23 11 309.049316
2015 8 23 17 303.525879
2015 8 23 23 292.899658
2015 8 24 5 288.867432
2015 8 24 5 291.242432
2015 8 24 17 306.011719
2015 8 24 17 306.011719
2015 8 25 5 289.659180
2015 8 25 11 311.445557
2015 8 25 11 311.695557
2015 8 25 17 306.898682
2015 8 25 23 295.246094
2015 8 26 11 309.356934
2015 8 26 11 310.106934
2015 8 26 11 310.356934
2015 8 26 17 304.395508
2015 8 26 17 303.395508
2015 8 26 23 294.575684
2015 8 26 23 294.075684
2015 8 27 5 292.567871
2015 8 27 11 309.345703
2015 8 27 17 304.595703
2015 8 27 23 294.105957
2015 8 27 23 295.855957
2015 8 27 23 297.105957
2015 8 28 5 288.478516
2015 8 28 5 289.728516
2015 8 28 5 289.228516
2015 8 28 11 310.496338
2015 8 28 11 310.121338
2015 8 28 23 296.152588
2015 8 28 23 295.027588
2015 8 29 5 288.431396
2015 8 29 11 311.374023
2015 8 29 17 306.259033
2015 8 29 17 306.634033
2015 8 29 23 292.365234
2015 8 29 23 294.990234
2015 8 29 23 295.365234
2015 8 30 11 311.277100
2015 8 30 11 311.027100
2015 8 30 17 306.958740
2015 8 30 23 293.362793
2015 8 30 23 295.612793
2015 8 30 23 292.987793
2015 8 31 5 290.726074
2015 8 31 5 290.726074
2015 9 1 11 310.645508
2015 9 1 11 309.895508
2015 9 1 11 310.395508
2015 9 1 23 292.906982
2015 9 1 23 295.281982
2015 9 2 5 289.759766
2015 9 2 5 289.634766
2015 9 2 5 292.884766
2015 9 2 5 292.384766
2015 9 2 11 310.488281
2015 9 2 11 310.988281
2015 9 2 11 310.738281
2015 9 2 17 306.750732
2015 9 2 17 306.250732
2015 9 2 17 305.875732
2015 9 2 23 292.955322
2015 9 2 23 293.205322
2015 9 2 23 295.580322
2015 9 3 5 289.785889
2015 9 3 5 289.660889
2015 9 3 5 290.035889
2015 9 3 5 289.160889
2015 9 3 11 309.362793
2015 9 3 11 308.987793
2015 9 3 11 309.487793
2015 9 3 17 303.473877
2015 9 3 17 303.723877
2015 9 3 17 304.598877
2015 9 7 17 305.186523
2015 9 7 17 304.561523
2015 9 7 23 294.005859
2015 9 7 23 294.005859
2015 9 7 23 293.505859
2015 9 8 5 291.767334
2015 9 8 5 290.392334
2015 9 8 5 288.142334
2015 9 8 11 305.680420
2015 9 8 11 305.930420
2015 9 8 11 306.305420
2015 9 8 11 306.680420
2015 9 8 11 306.680420
2015 9 8 17 304.533203
2015 9 8 17 304.658203
2015 9 8 17 304.408203
2015 9 8 17 305.158203
2015 9 8 23 291.121094
2015 9 8 23 291.746094
2015 9 9 5 287.271240
2015 9 9 11 309.922607
2015 9 9 11 310.422607
2015 9 9 11 309.797607
2015 9 9 11 309.797607
2015 9 9 17 305.957031
2015 9 9 17 304.082031
2015 9 9 17 305.082031
2015 9 9 17 305.332031
2015 9 9 23 295.760498
2015 9 9 23 293.510498
2015 9 9 23 293.260498
2015 9 9 23 295.510498
2015 9 10 11 309.388184
2015 9 10 11 309.013184
2015 9 10 11 309.138184
2015 9 10 17 304.916504
2015 9 10 17 305.041504
2015 9 10 17 305.166504
2015 9 10 23 294.272217
2015 9 10 23 289.772217
2015 9 11 5 289.278076
2015 9 11 5 284.403076
2015 9 11 11 306.401123
2015 9 11 11 307.276123
2015 9 11 11 307.151123
2015 9 11 11 307.151123
2015 9 11 17 304.276123
2015 9 11 17 304.276123
2015 9 11 23 291.551025
2015 9 11 23 293.801025
2015 9 11 23 292.426025
2015 9 11 23 294.176025
2015 9 11 23 293.676025
2015 9 12 11 308.716797
2015 9 12 11 309.341797
2015 9 12 11 308.591797
2015 9 12 11 307.841797
2015 9 12 17 304.120117
2015 9 12 17 305.745117
2015 9 12 23 294.342041
2015 9 12 23 289.967041
2015 9 13 5 283.172852
2015 9 13 5 289.297852
2015 9 13 5 287.547852
2015 9 13 11 309.145020
2015 9 13 11 309.645020
2015 9 13 17 305.611328
2015 9 13 17 306.236328
2015 9 13 17 305.611328
2015 9 13 17 305.861328
2015 9 13 23 292.595215
2015 9 13 23 292.845215
2015 9 14 5 286.431885
2015 9 14 5 286.431885
2015 9 14 5 290.306885
2015 9 14 11 309.445312
2015 9 14 17 303.582520
2015 9 14 17 303.707520
2015 9 14 17 304.207520
2015 9 14 17 303.582520
2015 9 14 23 293.000732
2015 9 14 23 292.625732
2015 9 15 5 291.232666
2015 9 15 11 306.107178
2015 9 15 11 306.982178
2015 9 15 17 301.838135
2015 9 15 17 301.088135
2015 9 15 17 302.088135
2015 9 20 11 307.076660
2015 9 20 17 302.576904
2015 9 20 17 302.201904
2015 9 20 17 302.576904
2015 9 20 17 302.326904
2015 9 20 23 290.277832
2015 9 20 23 287.777832
2015 9 21 5 284.839355
2015 9 21 5 286.839355
2015 9 21 5 284.464355
2015 9 21 5 288.089355
2015 9 21 11 305.084473
2015 9 21 11 304.834473
2015 9 21 11 305.459473
2015 9 21 11 304.834473
2015 9 21 11 305.709473
2015 9 21 17 300.383789
2015 9 21 17 299.508789
2015 9 21 17 299.758789
2015 9 21 23 291.928711
2015 9 21 23 292.678711
2015 9 21 23 291.178711
2015 9 22 11 303.508057
2015 9 22 11 299.633057
2015 9 22 17 296.009277
2015 9 22 17 295.759277
2015 9 22 17 296.634277
2015 9 22 23 290.015625
2015 9 22 23 290.140625
2015 9 22 23 289.390625
2015 9 23 5 285.273193
2015 9 23 5 285.398193
2015 9 23 5 287.773193
2015 9 23 11 303.110596
2015 9 23 11 303.235596
2015 9 23 11 303.235596
2015 9 23 17 299.517334
2015 9 23 17 299.642334
2015 9 23 17 298.017334
2015 9 23 17 298.767334
2015 9 23 17 299.642334
2015 9 23 23 289.749756
2015 9 23 23 290.749756
2015 9 23 23 289.749756
2015 9 24 5 287.245361
2015 9 24 5 285.120361
2015 9 24 5 285.245361
2015 9 24 11 305.075928
2015 9 24 11 305.325928
2015 9 24 11 304.950928
2015 9 24 11 305.200928
2015 9 24 17 300.798584
2015 9 24 17 300.548584
2015 9 24 17 300.923584
2015 9 24 17 300.673584
2015 9 24 23 288.306641
2015 9 24 23 288.181641
2015 9 25 5 283.554199
2015 9 25 5 284.179199
2015 9 25 5 283.679199
2015 9 25 11 304.835938
2015 9 25 11 304.585938
2015 9 25 17 299.758545
2015 9 25 23 290.874268
2015 9 25 23 287.874268
2015 9 25 23 289.749268
2015 9 26 5 286.447998
2015 9 26 5 282.697998
2015 9 26 5 282.697998
2015 9 26 5 285.322998
2015 9 26 17 299.940186
2015 9 26 17 301.065186
2015 9 26 23 288.303467
2015 9 26 23 287.678467
2015 9 26 23 287.803467
2015 9 27 5 283.323730
2015 9 27 5 287.198730
2015 9 27 11 307.302490
2015 9 27 11 307.302490
2015 9 27 11 306.552490
2015 9 27 17 302.734131
2015 9 27 17 302.859131
2015 9 27 17 302.109131
2015 9 27 17 302.609131
2015 9 27 23 289.127197
2015 9 27 23 290.877197
2015 9 27 23 288.377197
2015 9 28 5 286.310791
2015 9 28 5 284.185791
2015 9 28 5 287.435791
2015 9 28 5 283.560791
2015 9 28 11 306.009521
2015 9 28 11 307.009521
2015 9 28 11 307.009521
2015 9 28 23 288.912842
2015 9 28 23 290.787842
2015 9 28 23 289.162842
2015 9 29 5 286.364990
2015 9 29 5 284.114990
2015 9 29 5 283.489990
2015 9 29 5 283.739990
2015 9 29 11 307.950684
2015 9 29 11 307.200684
2015 9 29 17 302.416016
2015 9 29 17 302.291016
2015 9 29 17 302.166016
2015 9 29 17 301.541016
2015 9 29 23 289.424316
2015 9 29 23 289.924316
2015 9 29 23 291.549316
2015 9 29 23 289.549316
2015 9 30 5 285.540771
2015 9 30 5 285.415771
2015 9 30 5 286.165771
2015 9 30 5 287.915771
2015 9 30 11 305.817871
2015 9 30 11 305.442871
2015 9 30 11 306.317871
2015 9 30 17 300.570801
2015 9 30 23 293.577881
2015 9 30 23 292.827881
2015 10 1 5 285.760742
2015 10 1 5 286.510742
2015 10 1 11 308.489990
2015 10 1 17 301.997070
2015 10 1 23 290.415527
2015 10 1 23 290.165527
2015 10 2 11 306.735352
2015 10 2 17 301.244873
2015 10 2 17 299.619873
2015 10 2 23 289.447021
2015 10 2 23 288.697021
2015 10 2 23 291.197021
2015 10 3 5 285.586670
2015 10 3 5 290.461670
2015 10 3 11 303.931152
2015 10 3 17 297.697266
2015 10 3 23 290.344971
2015 10 3 23 288.219971
2015 10 4 5 287.842773
2015 10 4 11 300.534180
2015 10 4 11 299.409180
2015 10 4 17 293.885742
2015 10 4 23 287.701904
2015 10 4 23 287.701904
2015 10 4 23 287.701904
2015 10 4 23 286.451904
2015 10 5 5 287.962891
2015 10 5 5 287.462891
2015 10 5 11 301.452881
2015 10 5 11 299.952881
2015 10 5 11 299.702881
2015 10 5 23 288.409424
2015 10 6 5 284.624512
2015 10 6 5 286.249512
2015 10 6 11 299.878662
2015 10 6 11 297.378662
2015 10 6 17 295.789307
2015 10 6 17 295.039307
2015 10 6 23 289.285156
2015 10 7 5 284.679932
2015 10 7 5 285.929932
2015 10 7 11 299.507324
2015 10 7 11 298.882324
2015 10 7 23 286.622559
2015 10 8 5 283.528320
2015 10 8 11 296.549805
2015 10 8 11 296.799805
2015 10 8 17 293.744385
2015 10 8 17 293.744385
2015 10 8 17 294.494385
2015 10 8 23 288.731201
2015 10 9 5 282.539062
2015 10 9 5 284.914062
2015 10 9 11 300.212891
2015 10 9 11 300.712891
2015 10 9 11 300.712891
2015 10 9 11 300.337891
2015 10 9 17 294.813232
2015 10 10 5 283.545410
2015 10 10 5 281.170410
2015 10 10 11 302.472656
2015 10 10 11 300.847656
2015 10 10 17 297.291504
2015 10 11 5 281.093018
2015 10 11 17 298.119141
2015 10 11 17 298.119141
2015 10 11 23 285.942139
2015 10 11 23 286.567139
2015 10 12 5 281.650635
2015 10 12 11 303.456299
2015 10 12 11 303.581299
2015 10 12 17 297.712891
2015 10 12 23 285.395752
2015 10 12 23 285.520752
2015 10 13 5 284.790771
2015 10 13 11 304.407715
2015 10 13 11 304.157715
2015 10 13 17 297.868652
2015 10 13 17 297.618652
2015 10 13 23 283.594238
2015 10 13 23 283.844238
2015 10 14 5 282.565430
2015 10 14 5 284.065430
2015 10 14 11 305.587402
2015 10 14 11 304.712402
2015 10 14 17 298.578857
2015 10 14 23 288.099121
2015 10 14 23 285.724121
2015 10 14 23 288.974121
2015 10 14 23 284.849121
2015 10 15 5 281.482422
2015 10 15 5 281.732422
2015 10 15 5 282.107422
2015 10 15 5 281.482422
2015 10 15 11 303.950684
2015 10 15 17 297.233154
2015 10 15 23 287.859497
2015 10 15 23 288.484497
2015 10 16 5 284.700928
2015 10 16 17 292.022705
2015 10 16 17 291.772705
2015 10 17 5 283.348389
2015 10 17 11 298.650635
2015 10 17 11 299.650635
2015 10 17 17 292.999023
2015 10 17 23 288.268555
2015 10 17 23 286.268555
2015 10 18 11 299.755859
2015 10 18 17 294.476074
2015 10 18 17 293.851074
2015 10 18 23 288.083679
2015 10 19 5 286.045654
2015 10 19 5 285.920654
2015 10 19 5 286.045654
2015 10 19 11 300.383545
2015 10 19 11 300.883545
2015 10 19 17 294.364014
2015 10 19 17 293.489014
2015 10 19 23 287.966248
2015 10 20 5 281.469788
2015 10 20 5 281.094788
2015 10 20 5 282.719788
2015 10 20 17 290.335144
2015 10 20 17 292.085144
2015 10 20 23 287.613770
2015 10 20 23 285.988770
2015 10 20 23 286.613770
2015 10 20 23 285.863770
2015 10 20 23 286.113770
2015 10 21 5 283.589355
2015 10 21 5 284.214355
2015 10 21 5 283.589355
2015 10 21 11 293.584473
2015 10 21 11 294.084473
2015 10 21 17 286.506836
2015 10 21 23 283.589966
2015 10 22 11 294.183594
2015 10 22 17 288.196045
2015 10 22 23 282.718018
2015 10 22 23 282.343018
2015 10 22 23 280.843018
2015 10 24 23 280.211243
2015 10 24 23 280.961243
2015 10 25 5 279.132202
2015 10 25 5 276.507202
2015 10 25 5 276.382202
2015 10 25 5 276.507202
2015 10 25 11 295.398682
2015 10 25 11 295.273682
2015 10 25 11 295.773682
2015 10 25 17 289.288269
2015 10 25 17 289.538269
2015 10 25 23 283.994812
2015 10 25 23 285.244812
2015 10 26 5 281.362427
2015 10 26 23 283.869171
2015 10 26 23 282.244171
2015 10 27 5 276.516357
2015 10 27 11 296.917969
2015 10 27 17 290.075195
2015 10 27 17 289.075195
2015 10 27 23 279.672119
2015 10 28 5 275.140381
2015 10 28 5 274.515381
2015 10 28 5 278.515381
2015 10 28 11 293.066895
2015 10 28 11 292.316895
2015 10 28 17 287.952576
2015 10 28 17 288.327576
2015 10 28 17 288.327576
2015 10 28 23 282.707977
2015 10 28 23 282.457977
2015 10 29 11 291.413818
2015 10 29 11 292.288818
2015 10 30 11 291.426514
2015 10 30 11 292.051514
2015 10 30 17 285.621582
2015 10 30 23 282.886230
2015 10 30 23 283.261230
2015 10 30 23 283.011230
2015 10 31 5 276.210602
2015 10 31 5 277.210602
2015 10 31 5 276.460602
2015 10 31 5 278.085602
2015 10 31 5 277.085602
2015 10 31 5 278.210602
2015 10 31 11 291.459229
2015 10 31 11 291.709229
2015 10 31 11 291.709229
2015 10 31 17 286.148346
2015 10 31 17 287.273346
2015 10 31 23 280.124573
2015 10 31 23 280.374573
2015 10 31 23 278.124573
2015 11 1 4 274.233643
2015 11 1 4 274.983643
2015 11 1 4 274.608643
2015 11 1 4 276.983643
2015 11 1 10 294.702881
2015 11 1 10 293.077881
2015 11 1 16 286.596252
2015 11 1 16 288.221252
2015 11 1 16 288.471252
2015 11 2 4 275.003540
2015 11 2 4 277.878540
2015 11 2 10 296.090088
2015 11 2 16 288.582825
2015 11 2 22 282.025085
2015 11 2 22 280.650085
2015 11 2 22 279.525085
2015 11 3 4 276.646851
2015 11 3 4 279.396851
2015 11 3 10 295.050293
2015 11 3 16 289.148590
2015 11 3 16 288.523590
2015 11 3 22 281.022186
2015 11 4 10 290.626953
2015 11 4 10 293.001953
2015 11 4 16 284.255554
2015 11 4 16 284.255554
2015 11 4 22 277.331085
2015 11 4 22 277.081085
2015 11 4 22 278.081085
2015 11 5 4 273.974396
2015 11 5 4 274.849396
2015 11 5 10 286.953125
2015 11 5 16 281.470673
2015 11 5 22 274.802460
2015 11 6 4 272.248108
2015 11 6 4 270.998108
2015 11 6 4 270.748108
2015 11 6 10 287.969238
2015 11 6 10 288.219238
2015 11 6 10 288.219238
2015 11 6 16 282.944611
2015 11 7 4 271.183960
2015 11 7 4 273.683960
2015 11 7 4 273.933960
2015 11 7 4 271.558960
2015 11 7 10 288.093994
2015 11 7 10 288.593994
2015 11 7 22 274.005432
2015 11 7 22 274.005432
2015 11 7 22 276.505432
2015 11 8 10 288.860535
2015 11 8 10 287.110535
2015 11 8 22 275.460754
2015 11 8 22 277.335754
2015 11 9 4 272.500366
2015 11 9 4 271.750366
2015 11 9 10 290.360596
2015 11 9 16 284.378113
2015 11 9 16 284.503113
2015 11 9 22 276.937103
2015 11 9 22 276.187103
2015 11 9 22 276.187103
2015 11 10 4 272.632812
2015 11 10 4 274.882812
2015 11 10 10 290.726868
2015 11 10 10 291.351868
2015 11 10 16 285.543579
2015 11 10 16 285.168579
2015 11 10 22 279.071838
2015 11 10 22 278.196838
2015 11 11 4 272.887512
2015 11 11 10 285.636993
2015 11 11 10 285.886993
2015 11 11 10 284.886993
2015 11 11 16 278.790649
2015 11 11 16 280.915649
2015 11 11 16 279.915649
2015 11 11 22 271.519775
2015 11 11 22 274.894775
2015 11 11 22 272.144775
2015 11 11 22 272.394775
2015 11 11 22 274.269775
2015 11 12 4 270.472656
2015 11 12 4 272.597656
2015 11 12 4 271.597656
2015 11 12 4 270.222656
2015 11 12 16 279.021118
2015 11 13 4 272.702087
2015 11 13 10 288.180176
2015 11 13 10 288.930176
2015 11 13 16 281.153931
2015 11 13 16 280.528931
2015 11 13 16 282.653931
2015 11 13 16 279.778931
2015 11 14 4 272.366577
2015 11 14 4 272.116577
2015 11 14 10 288.245850
2015 11 14 16 283.621826
2015 11 14 16 281.746826
2015 11 15 4 275.655243
2015 11 15 4 273.405243
2015 11 15 4 276.405243
2015 11 15 16 280.851257
2015 11 15 22 279.073120
2015 11 15 22 276.823120
2015 11 15 22 278.698120
2015 11 16 4 280.742218
2015 11 16 4 278.867218
2015 11 16 4 280.492218
2015 11 16 10 288.407288
2015 11 16 10 287.782288
2015 11 16 16 277.632812
2015 11 16 16 277.507812
2015 11 16 16 275.882812
2015 11 16 22 270.792419
2015 11 16 22 272.792419
2015 11 17 4 273.678070
2015 11 17 4 273.928070
2015 11 17 16 277.563446
2015 11 17 16 276.813446
2015 11 17 16 277.563446
2015 11 17 22 271.971313
2015 11 17 22 272.096313
2015 11 18 4 270.569580
2015 11 18 4 272.319580
2015 11 18 10 283.582672
2015 11 18 10 283.207672
2015 11 18 16 277.648315
2015 11 18 22 272.039917
2015 11 18 22 272.539917
2015 11 18 22 272.539917
2015 11 18 22 273.789917
2015 11 19 4 271.895874
2015 11 19 4 271.520874
2015 11 19 4 271.270874
2015 11 19 10 286.439423
2015 11 19 16 280.132477
2015 11 19 16 281.132477
2015 11 19 16 278.882477
2015 11 19 16 280.632477
2015 11 20 4 272.818085
2015 11 20 10 288.568176
2015 11 20 22 276.689240
2015 11 20 22 276.314240
2015 11 21 4 272.652679
2015 11 21 4 272.027679
2015 11 21 10 285.182220
2015 11 21 10 285.932220
2015 11 21 22 273.781555
2015 11 21 22 272.156555
2015 11 22 4 270.364380
2015 11 22 10 284.404633
2015 11 22 10 283.654633
2015 11 22 22 272.083374
2015 11 23 4 271.930511
2015 11 23 4 271.555511
2015 11 23 4 270.305511
2015 11 23 10 286.408478
2015 11 23 16 280.124207
2015 11 23 16 279.499207
2015 11 23 16 279.124207
2015 11 23 22 274.713043
2015 11 23 22 274.088043
2015 11 23 22 271.963043
2015 11 24 4 272.311249
2015 11 24 4 271.936249
2015 11 24 4 272.061249
2015 11 24 10 286.050995
2015 11 24 16 282.021118
2015 11 24 16 281.396118
2015 11 24 16 281.271118
2015 11 24 22 273.713043
2015 11 25 4 274.782227
2015 11 25 4 274.532227
2015 11 25 10 289.170380
2015 11 25 10 287.670380
2015 11 25 16 284.419464
2015 11 25 16 283.419464
2015 11 25 22 278.733582
2015 11 25 22 279.733582
2015 11 25 22 280.733582
2015 11 26 4 278.245514
2015 11 26 4 277.995514
2015 11 26 10 289.105286
2015 11 26 10 288.980286
2015 11 26 10 287.855286
2015 11 26 16 284.260010
2015 11 26 16 285.510010
2015 11 26 16 285.010010
2015 11 26 22 281.247223
2015 11 26 22 282.747223
2015 11 27 4 276.495758
2015 11 27 4 277.495758
2015 11 27 10 276.691589
2015 11 27 16 275.509155
2015 11 27 16 274.009155
2015 11 27 22 274.740692
2015 11 28 4 273.355560
2015 11 28 4 273.605560
2015 11 28 16 280.876099
2015 11 28 22 274.144043
2015 11 28 22 276.769043
2015 11 28 22 273.894043
2015 11 29 4 277.113312
2015 11 29 4 277.613312
2015 11 29 4 277.238312
2015 11 29 10 286.690796
2015 11 29 16 280.831299
2015 11 30 4 270.398987
2015 11 30 4 271.648987
2015 11 30 4 270.773987
2015 11 30 16 271.232300
2015 11 30 22 271.446411
2015 11 30 22 269.571411
2015 11 30 22 270.821411
2015 12 1 4 268.004395
2015 12 1 4 270.879395
2015 12 1 10 280.107971
2015 12 1 10 280.232971
2015 12 1 10 279.982971
2015 12 1 10 281.232971
2015 12 1 10 280.482971
2015 12 1 16 272.887482
2015 12 1 16 272.762482
2015 12 1 16 274.887482
2015 12 1 16 273.137482
2015 12 1 16 271.012482
2015 12 1 22 271.596161
2015 12 1 22 270.971161
2015 12 1 22 271.471161
2015 12 1 22 270.471161
2015 12 2 4 270.198364
2015 12 2 4 270.448364
2015 12 2 4 271.073364
2015 12 2 4 268.198364
2015 12 2 4 267.948364
2015 12 2 10 280.223846
2015 12 2 10 280.598846
2015 12 2 10 280.848846
2015 12 2 10 280.848846
2015 12 2 16 275.843933
2015 12 2 16 273.593933
2015 12 2 22 269.955505
2015 12 3 10 284.247070
2015 12 3 10 282.497070
2015 12 3 22 271.146118
2015 12 3 22 271.396118
2015 12 3 22 272.896118
2015 12 4 4 271.538971
2015 12 4 4 271.538971
2015 12 4 4 269.663971
2015 12 4 10 283.633179
2015 12 4 10 284.633179
2015 12 4 10 283.758179
2015 12 4 16 277.967102
2015 12 4 16 276.467102
2015 12 4 16 277.342102
2015 12 4 22 275.292542
2015 12 4 22 273.292542
2015 12 4 22 274.542542
2015 12 4 22 275.792542
2015 12 5 4 274.049988
2015 12 5 4 272.924988
2015 12 5 10 286.136169
2015 12 5 10 285.511169
2015 12 5 10 285.011169
2015 12 5 16 279.089600
2015 12 5 22 270.995239
2015 12 5 22 272.870239
2015 12 6 4 270.483398
2015 12 6 10 283.764221
2015 12 6 10 282.889221
2015 12 6 10 283.889221
2015 12 6 10 282.514221
2015 12 6 16 277.481201
2015 12 6 16 278.106201
2015 12 6 16 275.356201
2015 12 6 22 272.122620
2015 12 6 22 271.622620
2015 12 7 4 272.198059
2015 12 7 10 284.452484
2015 12 7 10 284.827484
2015 12 7 16 279.137451
2015 12 7 16 277.762451
2015 12 7 22 271.856995
2015 12 7 22 273.106995
2015 12 7 22 271.231995
2015 12 8 4 271.297485
2015 12 8 4 270.172485
2015 12 8 10 284.646667
2015 12 8 10 285.646667
2015 12 8 10 284.646667
2015 12 8 16 279.704346
2015 12 8 16 277.954346
2015 12 8 16 279.579346
2015 12 8 22 275.014709
2015 12 8 22 273.514709
2015 12 9 4 271.903015
2015 12 9 4 270.903015
2015 12 9 16 281.298065
2015 12 9 22 274.453491
2015 12 9 22 273.953491
2015 12 9 22 275.828491
2015 12 10 4 271.920837
2015 12 10 4 270.920837
2015 12 10 10 286.635010
2015 12 10 10 287.385010
2015 12 10 10 286.260010
2015 12 10 16 281.990967
2015 12 10 16 281.740967
2015 12 10 22 275.842316
2015 12 10 22 277.217316
2015 12 10 22 275.592316
2015 12 11 4 271.813141
2015 12 11 4 273.188141
2015 12 11 10 287.740326
2015 12 11 16 281.947205
2015 12 11 16 283.947205
2015 12 11 22 280.064575
2015 12 11 22 280.439575
2015 12 11 22 280.439575
2015 12 11 22 279.814575
2015 12 12 4 278.496887
2015 12 12 10 284.403961
2015 12 12 10 283.153961
2015 12 12 10 281.778961
2015 12 12 10 281.903961
2015 12 12 16 278.490845
2015 12 12 16 279.990845
2015 12 12 22 274.953735
2015 12 13 4 271.683685
2015 12 13 4 271.558685
2015 12 13 4 271.933685
2015 12 13 10 275.545410
2015 12 13 10 275.670410
2015 12 13 16 273.864929
2015 12 13 16 274.364929
2015 12 13 22 271.190430
2015 12 14 4 270.565826
2015 12 14 4 271.440826
2015 12 14 4 270.815826
2015 12 14 10 275.206360
2015 12 14 10 277.831360
2015 12 14 10 275.206360
2015 12 14 16 275.407288
2015 12 14 16 274.407288
2015 12 14 16 275.907288
2015 12 14 22 271.086060
2015 12 14 22 270.836060
2015 12 14 22 271.961060
2015 12 15 4 269.481842
2015 12 15 4 269.106842
2015 12 15 4 269.606842
2015 12 15 10 275.825409
2015 12 15 10 276.825409
2015 12 15 10 277.325409
2015 12 15 16 271.835205
2015 12 15 16 270.835205
2015 12 15 22 268.353455
2015 12 15 22 269.478455
2015 12 15 22 269.978455
2015 12 16 4 268.217590
2015 12 16 10 274.078674
2015 12 16 16 270.847260
2015 12 16 16 268.972260
2015 12 16 22 269.602661
2015 12 16 22 269.102661
2015 12 16 22 266.352661
2015 12 17 4 269.148895
2015 12 17 4 270.023895
2015 12 17 4 268.398895
2015 12 17 10 273.099274
2015 12 17 10 276.974274
2015 12 17 10 274.474274
2015 12 17 10 276.224274
2015 12 20 16 275.328644
2015 12 20 16 274.453644
2015 12 20 16 275.453644
2015 12 20 22 272.375031
2015 12 20 22 273.000031
2015 12 21 4 270.769897
2015 12 21 10 280.829376
2015 12 21 10 281.204376
2015 12 21 16 276.732788
2015 12 21 16 276.482788
2015 12 21 16 276.982788
2015 12 26 16 273.020081
2015 12 26 22 270.179871
2015 12 27 4 268.921753
2015 12 27 4 269.296753
2015 12 27 10 273.477081
2015 12 27 10 273.477081
2015 12 27 10 273.227081
2015 12 27 16 271.604828
2015 12 29 4 271.057922
2015 12 29 10 274.649414
2015 12 29 16 272.480591
2015 12 29 16 272.980591
2015 12 29 22 270.264221
2015 12 29 22 271.014221
2015 12 29 22 269.014221
2015 12 30 4 270.834137
2015 12 30 4 271.459137
2015 12 30 4 270.584137
2015 12 30 4 270.584137
2015 12 30 10 273.508911
2015 12 30 10 274.383911
2015 12 30 16 271.414185
2015 12 30 16 270.289185
2015 12 30 22 269.143402
2015 12 31 4 269.034180
2015 12 31 10 274.052948
2015 12 31 10 276.302948
2015 12 31 10 276.427948
2015 12 31 10 274.302948
