2015 1 1 22 286.426819
2015 1 1 22 280.051819
2015 1 2 16 287.185608
2015 1 2 16 287.310608
2015 1 2 22 286.789185
2015 1 3 4 287.360870
2015 1 3 10 283.585358
2015 1 3 16 287.234711
2015 1 3 22 286.343628
2015 1 3 22 286.593628
2015 1 4 4 279.970337
2015 1 4 4 286.220337
2015 1 4 10 287.219238
2015 1 4 16 287.244507
2015 1 4 16 287.119507
2015 1 4 16 286.744507
2015 1 4 22 286.134552
2015 1 4 22 283.509552
2015 1 5 4 286.025116
2015 1 5 10 286.845337
2015 1 5 10 284.470337
2015 1 5 10 285.345337
2015 1 5 22 286.343018
2015 1 5 22 284.218018
2015 1 6 4 286.128876
2015 1 6 4 283.253876
2015 1 6 10 286.777039
2015 1 6 22 283.394226
2015 1 7 4 281.780212
2015 1 7 10 287.055878
2015 1 7 10 286.430878
2015 1 7 16 287.354645
2015 1 7 16 289.354645
2015 1 7 22 287.034485
2015 1 8 4 287.145325
2015 1 8 16 287.519775
2015 1 8 16 288.769775
2015 1 8 22 286.610626
2015 1 8 22 284.860626
2015 1 9 4 286.266541
2015 1 9 4 284.641541
2015 1 9 4 283.516541
2015 1 9 10 286.679260
2015 1 9 10 286.679260
2015 1 9 16 288.982056
2015 1 9 16 288.357056
2015 1 9 16 286.607056
2015 1 9 22 286.887390
2015 1 9 22 283.887390
2015 1 10 4 286.188263
2015 1 10 10 286.854187
2015 1 10 22 285.413116
2015 1 11 4 283.834320
2015 1 11 4 286.709320
2015 1 11 4 286.334320
2015 1 11 10 286.557922
2015 1 12 4 283.166534
2015 1 12 16 286.742615
2015 1 12 16 287.992615
2015 1 13 4 282.260681
2015 1 13 10 286.777771
2015 1 13 10 286.652771
2015 1 13 16 288.463379
2015 1 13 16 286.838379
2015 1 13 22 286.094116
2015 1 13 22 282.969116
2015 1 13 22 286.594116
2015 1 14 4 286.698029
2015 1 14 4 281.323029
2015 1 14 4 286.198029
2015 1 14 4 285.948029
2015 1 14 10 286.808838
2015 1 14 10 286.683838
2015 1 14 16 286.859772
2015 1 14 16 287.859772
2015 1 14 16 286.734772
2015 1 14 22 286.418549
2015 1 14 22 284.168549
2015 1 15 4 283.965027
2015 1 15 16 286.729187
2015 1 15 16 286.854187
2015 1 15 22 285.161621
2015 1 15 22 286.161621
2015 1 16 4 283.696899
2015 1 16 10 285.687836
2015 1 16 16 287.016998
2015 1 16 16 286.391998
2015 1 16 22 286.621704
2015 1 16 22 286.621704
2015 1 17 4 286.585083
2015 1 17 4 286.835083
2015 1 17 4 284.835083
2015 1 17 10 286.819336
2015 1 17 10 287.694336
2015 1 17 10 286.944336
2015 1 17 10 286.944336
2015 1 17 16 287.042358
2015 1 17 22 286.398773
2015 1 17 22 286.398773
2015 1 17 22 286.148773
2015 1 18 4 285.970886
2015 1 18 4 286.345886
2015 1 18 10 287.014526
2015 1 18 10 286.639526
2015 1 18 10 286.514526
2015 1 18 16 286.710388
2015 1 18 16 286.835388
2015 1 18 16 288.835388
2015 1 18 16 286.460388
2015 1 19 4 285.984680
2015 1 19 4 286.359680
2015 1 19 16 288.550537
2015 1 19 16 287.050537
2015 1 19 16 288.175537
2015 1 19 22 286.537537
2015 1 19 22 286.662537
2015 1 19 22 285.037537
2015 1 20 22 284.888153
2015 1 21 4 284.291992
2015 1 21 4 286.791992
2015 1 21 10 287.014496
2015 1 21 10 287.139496
2015 1 21 16 287.236206
2015 1 21 16 287.486206
2015 1 21 22 287.140686
2015 1 21 22 283.890686
2015 1 22 10 287.120514
2015 1 22 10 286.245514
2015 1 22 16 287.117279
2015 1 22 16 287.492279
2015 1 22 22 286.980804
2015 1 22 22 283.230804
2015 1 22 22 286.730804
2015 1 23 10 286.915497
2015 1 23 16 287.507141
2015 1 23 22 285.254822
2015 1 23 22 284.129822
2015 1 24 4 286.571960
2015 1 24 4 284.071960
2015 1 24 4 287.196960
2015 1 24 10 287.154724
2015 1 24 22 287.032288
2015 1 24 22 285.407288
2015 1 25 4 286.628479
2015 1 25 16 289.183960
2015 1 25 16 287.308960
2015 1 25 22 285.068054
2015 1 25 22 283.693054
2015 1 26 4 283.789642
2015 1 26 10 287.023804
2015 1 26 16 287.647980
2015 1 27 4 287.262726
2015 1 27 4 287.137726
2015 1 27 4 285.637726
2015 1 27 10 287.837402
2015 1 27 10 287.712402
2015 1 27 10 287.462402
2015 1 27 16 287.625793
2015 1 27 16 288.000793
2015 1 27 16 287.875793
2015 1 27 22 285.681335
2015 1 28 10 287.906006
2015 1 28 16 289.255951
2015 1 28 16 287.380951
2015 1 28 22 286.691254
2015 1 29 4 286.697571
2015 1 29 16 286.940002
2015 1 29 16 287.315002
2015 1 29 22 285.848267
2015 1 30 4 284.422974
2015 1 30 4 286.672974
2015 1 30 16 287.046326
2015 1 30 22 284.787323
2015 1 31 4 287.076172
2015 1 31 4 286.451172
2015 1 31 10 288.227966
2015 1 31 16 287.784851
2015 1 31 16 290.534851
2015 1 31 16 287.159851
2015 1 31 22 286.683685
2015 1 31 22 284.558685
2015 2 1 4 283.242065
2015 2 1 4 286.617065
2015 2 1 4 284.742065
2015 2 1 10 287.227936
2015 2 1 10 287.227936
2015 2 1 16 287.144714
2015 2 1 22 285.632599
2015 2 1 22 284.757599
2015 2 1 22 286.882599
2015 2 2 4 286.672058
2015 2 2 4 283.297058
2015 2 2 4 287.047058
2015 2 2 10 287.169495
2015 2 2 10 288.669495
2015 2 2 10 287.294495
2015 2 2 16 287.542816
2015 2 2 16 287.042816
2015 2 2 16 289.917816
2015 2 2 16 291.042816
2015 2 2 22 287.069641
2015 2 2 22 285.819641
2015 2 2 22 287.069641
2015 2 2 22 286.444641
2015 2 3 4 286.691437
2015 2 3 10 287.134125
2015 2 3 10 289.759125
2015 2 3 10 289.134125
2015 2 3 22 285.858856
2015 2 3 22 286.608856
2015 2 3 22 286.608856
2015 2 3 22 286.608856
2015 2 4 4 286.353760
2015 2 4 10 286.728821
2015 2 4 10 289.103821
2015 2 4 10 287.103821
2015 2 4 10 286.978821
2015 2 4 16 289.734253
2015 2 5 4 286.815094
2015 2 5 4 286.940094
2015 2 5 4 285.690094
2015 2 5 10 287.277954
2015 2 5 10 288.902954
2015 2 5 10 287.277954
2015 2 5 10 287.152954
2015 2 5 16 290.631195
2015 2 5 16 287.631195
2015 2 5 16 287.381195
2015 2 5 16 289.631195
2015 2 5 22 287.158295
2015 2 5 22 287.158295
2015 2 6 4 286.867859
2015 2 6 4 286.992859
2015 2 6 4 287.117859
2015 2 6 10 287.366211
2015 2 6 10 287.616211
2015 2 6 10 287.116211
2015 2 6 16 287.026398
2015 2 6 16 287.151398
2015 2 6 16 288.526398
2015 2 6 22 286.916290
2015 2 6 22 286.916290
2015 2 6 22 287.791290
2015 2 7 4 286.923706
2015 2 7 4 287.048706
2015 2 7 4 287.923706
2015 2 7 4 288.048706
2015 2 7 4 286.923706
2015 2 7 10 291.424622
2015 2 7 10 287.049622
2015 2 7 10 287.424622
2015 2 7 16 290.604950
2015 2 7 22 287.175568
2015 2 7 22 287.175568
2015 2 7 22 287.175568
2015 2 7 22 287.175568
2015 2 8 4 286.896423
2015 2 8 4 286.896423
2015 2 8 4 286.271423
2015 2 8 4 285.646423
2015 2 8 10 289.517761
2015 2 8 10 287.642761
2015 2 8 10 290.517761
2015 2 8 16 287.439087
2015 2 8 16 288.939087
2015 2 8 16 287.314087
2015 2 8 22 287.259430
2015 2 8 22 287.509430
2015 2 8 22 287.384430
2015 2 14 16 287.515076
2015 2 14 16 288.140076
2015 2 14 16 292.515076
2015 2 14 22 287.114685
2015 2 14 22 286.239685
2015 2 14 22 287.364685
2015 2 14 22 285.489685
2015 2 14 22 287.239685
2015 2 15 4 284.373535
2015 2 15 10 288.904358
2015 2 15 10 287.654358
2015 2 15 10 287.529358
2015 2 15 16 287.727142
2015 2 15 16 292.602142
2015 2 15 16 287.977142
2015 2 15 22 286.291504
2015 2 15 22 287.416504
2015 2 15 22 287.166504
2015 2 15 22 287.291504
2015 2 15 22 285.541504
2015 2 16 4 283.078003
2015 2 16 4 284.578003
2015 2 16 4 286.703003
2015 2 16 4 286.953003
2015 2 16 10 287.696533
2015 2 16 10 289.696533
2015 2 16 10 287.571533
2015 2 16 16 291.835388
2015 2 16 16 290.585388
2015 2 16 22 287.829834
2015 2 16 22 287.704834
2015 2 16 22 286.954834
2015 2 17 4 287.920837
2015 2 17 4 287.670837
2015 2 17 4 286.545837
2015 2 17 10 287.477753
2015 2 17 10 287.852753
2015 2 17 10 287.852753
2015 2 17 16 287.876221
2015 2 17 16 287.876221
2015 2 17 16 288.126221
2015 2 17 22 286.650482
2015 2 17 22 285.900482
2015 2 17 22 287.775482
2015 2 18 4 287.757172
2015 2 18 4 287.632172
2015 2 18 4 285.632172
2015 2 18 4 287.507172
2015 2 18 10 287.799622
2015 2 18 16 290.947021
2015 2 18 16 288.072021
2015 2 18 22 286.941498
2015 2 19 4 287.154755
2015 2 19 4 287.029755
2015 2 19 10 288.007233
2015 2 19 10 288.007233
2015 2 19 10 287.382233
2015 2 19 16 287.374054
2015 2 19 16 287.499054
2015 2 19 16 289.249054
2015 2 19 22 287.070587
2015 2 19 22 287.320587
2015 2 19 22 285.820587
2015 2 20 4 286.837646
2015 2 20 10 287.236542
2015 2 20 10 287.611542
2015 2 24 4 286.590881
2015 2 24 4 286.215881
2015 2 24 4 282.840881
2015 2 24 4 287.090881
2015 2 24 4 280.715881
2015 2 24 10 287.355896
2015 2 24 10 287.230896
2015 2 24 10 287.355896
2015 3 2 22 286.387390
2015 3 2 22 285.012390
2015 3 2 22 286.137390
2015 3 3 4 286.151611
2015 3 3 4 283.651611
2015 3 3 22 286.037476
2015 3 5 10 290.095001
2015 3 5 16 291.629944
2015 3 5 16 286.504944
2015 3 5 22 285.459900
2015 3 5 22 286.834900
2015 3 6 4 286.834808
2015 3 6 4 282.584808
2015 3 6 4 286.459808
2015 3 6 10 290.430542
2015 3 6 16 293.072388
2015 3 6 16 287.572388
2015 3 6 22 287.108521
2015 3 6 22 285.983521
2015 3 6 22 285.108521
2015 3 7 4 286.607300
2015 3 7 4 287.232300
2015 3 7 4 282.732300
2015 3 7 10 287.712280
2015 3 7 16 292.177917
2015 3 7 16 287.802917
2015 3 7 16 287.302917
2015 3 7 22 286.402283
2015 3 7 22 286.902283
2015 3 8 11 287.227112
2015 3 8 11 287.477112
2015 3 8 11 287.602112
2015 3 8 11 290.852112
2015 3 8 17 287.470581
2015 3 8 17 287.095581
2015 3 8 23 285.189758
2015 3 8 23 286.689758
2015 3 9 5 286.487946
2015 3 9 11 288.598694
2015 3 9 11 286.973694
2015 3 9 17 291.036469
2015 3 10 5 284.133179
2015 3 10 17 291.514221
2015 3 10 17 287.139221
2015 3 10 23 286.694000
2015 3 11 5 286.555969
2015 3 11 11 286.836334
2015 3 11 11 288.086334
2015 3 11 11 286.711334
2015 3 11 17 291.301483
2015 3 11 17 286.676483
2015 3 11 17 287.051483
2015 3 11 17 287.176483
2015 3 11 23 286.612305
2015 3 12 5 283.994507
2015 3 12 11 287.015533
2015 3 12 11 287.265533
2015 3 12 17 287.028107
2015 3 13 5 286.841614
2015 3 13 11 286.948486
2015 3 13 17 295.287872
2015 3 13 17 287.912872
2015 3 13 17 286.912872
2015 3 13 23 286.620239
2015 3 13 23 286.995239
2015 3 14 5 286.430237
2015 3 14 5 286.055237
2015 3 14 17 293.998016
2015 3 14 17 287.998016
2015 3 14 23 287.135193
2015 3 14 23 289.010193
2015 3 15 5 287.222656
2015 3 15 11 287.328613
2015 3 15 23 287.443542
2015 3 15 23 287.443542
2015 3 15 23 287.568542
2015 3 15 23 287.318542
2015 3 16 5 287.418762
2015 3 16 5 287.293762
2015 3 16 5 286.918762
2015 3 16 5 286.418762
2015 3 16 11 292.616211
2015 3 16 11 288.116211
2015 3 16 17 291.265961
2015 3 16 17 292.765961
2015 3 16 17 287.390961
2015 3 16 17 288.015961
2015 3 16 23 287.216309
2015 3 17 5 286.903809
2015 3 17 11 287.176910
2015 3 17 11 287.551910
2015 3 17 11 290.551910
2015 3 17 17 292.335571
2015 3 17 17 287.460571
2015 3 18 5 285.127869
2015 3 18 11 291.943695
2015 3 18 11 287.193695
2015 3 18 17 286.772186
2015 3 18 17 287.272186
2015 3 18 23 285.757538
2015 3 18 23 286.882538
2015 3 18 23 286.507538
2015 3 19 5 283.784821
2015 3 19 5 286.159821
2015 3 19 11 286.822876
2015 3 19 11 287.197876
2015 3 19 11 287.322876
2015 3 19 17 292.190063
2015 3 19 17 294.565063
2015 3 20 5 286.152710
2015 3 20 5 285.902710
2015 3 20 5 284.902710
2015 3 20 11 291.742371
2015 3 20 11 286.867371
2015 3 20 17 287.128265
2015 3 20 23 286.300171
2015 3 21 5 286.266785
2015 3 21 5 286.766785
2015 3 21 11 286.628418
2015 3 21 11 286.628418
2015 3 21 17 286.323669
2015 3 21 23 287.407837
2015 3 21 23 286.157837
2015 3 22 11 286.116760
2015 3 22 11 286.491760
2015 3 22 17 286.213196
2015 3 23 17 286.948486
2015 3 23 17 290.573486
2015 3 23 23 286.787720
2015 3 23 23 286.662720
2015 3 24 5 286.932800
2015 3 24 5 284.557800
2015 3 24 5 286.432800
2015 3 24 17 287.453369
2015 3 24 17 287.578369
2015 3 24 17 293.328369
2015 3 24 23 286.540497
2015 3 25 5 284.813995
2015 3 25 5 286.563995
2015 3 25 11 287.562531
2015 3 25 11 291.562531
2015 3 25 17 292.466522
2015 3 25 17 286.841522
2015 3 25 17 287.716522
2015 3 26 5 287.024536
2015 3 26 11 292.603638
2015 3 26 17 294.606079
2015 3 27 5 286.763000
2015 3 27 11 287.233948
2015 3 27 17 287.334106
2015 3 27 17 292.959106
2015 3 27 23 286.761841
2015 3 27 23 286.636841
2015 3 28 11 287.469482
2015 3 28 23 286.871582
2015 3 28 23 286.621582
2015 3 29 5 285.150604
2015 3 29 11 286.741577
2015 3 29 11 291.491577
2015 3 29 17 287.342957
2015 3 29 17 286.717957
2015 3 29 23 286.514740
2015 3 29 23 286.014740
2015 3 30 5 285.014099
2015 3 30 5 285.889099
2015 3 30 5 284.264099
2015 3 30 11 286.933746
2015 3 30 11 292.808746
2015 3 30 17 286.499573
2015 3 30 17 290.374573
2015 3 31 5 286.158173
2015 3 31 5 285.658173
2015 3 31 11 286.137970
2015 3 31 17 291.624786
2015 3 31 17 286.499786
2015 3 31 23 285.027740
2015 3 31 23 285.527740
2015 4 1 5 285.064941
2015 4 1 5 285.314941
2015 4 1 11 289.833984
2015 4 1 11 286.208984
2015 4 1 11 285.708984
2015 4 1 11 286.083984
2015 4 1 17 286.049805
2015 4 1 17 291.299805
2015 4 1 17 285.674805
2015 4 2 5 282.822083
2015 4 2 11 285.370697
2015 4 2 11 285.745697
2015 4 2 17 290.839722
2015 4 2 17 285.964722
2015 4 2 23 284.399078
2015 4 3 5 282.407166
2015 4 3 5 284.407166
2015 4 3 11 285.397125
2015 4 3 11 284.897125
2015 4 3 17 292.070953
2015 4 3 17 285.195953
2015 4 3 17 284.820953
2015 4 3 23 284.375000
2015 4 4 5 282.454407
2015 4 4 5 284.329407
2015 4 4 5 283.829407
2015 4 4 5 283.329407
2015 4 4 11 284.729248
2015 4 4 11 291.479248
2015 4 4 11 284.854248
2015 4 4 17 284.588318
2015 4 4 23 284.354309
2015 4 4 23 284.354309
2015 4 4 23 283.729309
2015 4 4 23 283.979309
2015 4 5 5 283.877777
2015 4 5 5 283.502777
2015 4 5 5 282.002777
2015 4 5 5 283.127777
2015 4 5 11 288.019653
2015 4 5 11 284.519653
2015 4 5 11 284.519653
2015 4 5 17 284.558411
2015 4 5 23 284.087158
2015 4 5 23 283.712158
2015 4 6 5 284.463501
2015 4 6 5 283.713501
2015 4 6 5 283.588501
2015 4 6 11 284.752075
2015 4 6 11 289.252075
2015 4 6 17 288.895569
2015 4 6 17 284.645569
2015 4 6 17 290.520569
2015 4 6 23 285.392975
2015 4 6 23 284.892975
2015 4 7 5 284.574127
2015 4 7 5 284.949127
2015 4 7 11 290.413666
2015 4 7 11 285.163666
2015 4 7 17 284.812897
2015 4 7 17 288.562897
2015 4 7 17 284.937897
2015 4 7 23 284.048920
2015 4 8 5 284.006409
2015 4 8 5 284.756409
2015 4 8 5 284.381409
2015 4 8 5 284.381409
2015 4 8 11 284.763428
2015 4 8 11 285.138428
2015 4 8 11 291.638428
2015 4 8 17 291.715942
2015 4 8 17 285.090942
2015 4 8 17 289.715942
2015 4 8 17 284.965942
2015 4 8 23 284.700134
2015 4 8 23 284.700134
2015 4 8 23 285.075134
2015 4 8 23 284.200134
2015 4 9 5 284.088928
2015 4 9 11 291.928711
2015 4 9 11 290.053711
2015 4 9 11 285.428711
2015 4 20 23 285.045624
2015 4 20 23 286.295624
2015 4 20 23 286.670624
2015 4 21 5 285.512482
2015 4 21 11 285.052734
2015 4 21 11 287.427734
2015 4 21 11 288.302734
2015 4 21 17 285.087646
2015 4 21 23 285.732635
2015 4 21 23 284.982635
2015 4 22 5 285.176178
2015 4 22 11 288.573486
2015 4 22 11 285.198486
2015 4 22 17 289.911621
2015 4 22 17 285.411621
2015 4 22 23 285.684204
2015 4 22 23 285.559204
2015 4 22 23 284.559204
2015 4 22 23 284.559204
2015 4 23 5 284.384827
2015 4 23 5 284.134827
2015 4 23 11 285.237549
2015 4 23 11 284.612549
2015 4 23 11 292.737549
2015 4 23 17 291.091553
2015 4 23 17 284.966553
2015 4 23 17 284.591553
2015 4 23 23 284.810181
2015 4 23 23 283.935181
2015 4 24 5 283.841492
2015 4 24 5 284.091492
2015 4 24 5 284.341492
2015 4 24 5 284.091492
2015 4 24 5 284.341492
2015 4 24 11 291.465820
2015 4 24 11 284.590820
2015 4 24 17 284.235840
2015 4 24 17 291.485840
2015 4 24 23 283.614441
2015 4 24 23 285.489441
2015 4 25 5 283.486938
2015 4 25 5 285.111938
2015 4 25 5 283.486938
2015 4 25 5 283.611938
2015 4 25 11 288.767578
2015 4 25 17 290.458740
2015 4 25 17 288.458740
2015 4 25 17 283.583740
2015 4 25 23 283.173218
2015 4 25 23 283.798218
2015 4 25 23 283.548218
2015 4 26 5 283.196869
2015 4 26 11 289.886963
2015 4 26 11 284.386963
2015 4 26 17 283.535400
2015 4 26 17 284.285400
2015 4 26 17 289.785400
2015 4 26 23 283.757324
2015 4 26 23 284.882324
2015 4 26 23 283.882324
2015 4 26 23 284.757324
2015 4 27 5 283.509705
2015 4 27 5 283.134705
2015 4 27 5 283.259705
2015 4 27 5 283.509705
2015 4 27 5 283.759705
2015 4 27 11 294.979492
2015 4 27 11 291.604492
2015 4 27 11 283.854492
2015 4 27 17 291.076660
2015 4 27 17 283.826660
2015 4 27 17 294.326660
2015 4 27 23 283.945557
2015 4 27 23 285.070557
2015 4 27 23 283.820557
2015 4 27 23 284.070557
2015 4 28 5 283.572754
2015 4 28 5 283.822754
2015 4 28 5 284.447754
2015 4 28 11 289.232178
2015 4 28 11 284.482178
2015 4 28 17 289.921387
2015 4 28 17 284.546387
2015 4 28 17 284.796387
2015 4 28 23 283.906006
2015 4 28 23 283.656006
2015 4 29 5 283.505371
2015 4 29 11 292.276611
2015 4 29 17 290.092041
2015 4 29 17 283.842041
2015 4 29 17 284.717041
2015 4 29 17 284.467041
2015 4 29 23 284.394531
2015 4 29 23 283.644531
2015 4 29 23 283.894531
2015 4 30 5 283.294434
2015 4 30 5 283.544434
2015 4 30 5 283.419434
2015 4 30 5 283.794434
2015 4 30 11 284.708252
2015 4 30 17 293.763916
2015 4 30 23 286.344971
2015 5 1 5 284.246094
2015 5 1 5 283.371094
2015 5 1 5 283.121094
2015 5 1 11 295.521240
2015 5 1 23 284.149658
2015 5 2 5 283.829346
2015 5 2 11 284.929199
2015 5 2 17 285.078125
2015 5 2 17 294.078125
2015 5 3 5 283.984863
2015 5 3 17 293.086182
2015 5 3 23 284.473389
2015 5 3 23 284.723389
2015 5 3 23 284.348389
2015 5 4 11 287.753906
2015 5 4 17 289.259521
2015 5 4 23 284.434814
2015 5 4 23 284.559814
2015 5 4 23 285.309814
2015 5 5 5 284.129303
2015 5 5 5 284.129303
2015 5 5 5 284.379303
2015 5 5 11 285.368652
2015 5 5 17 291.783447
2015 5 5 17 289.658447
2015 5 5 23 284.357849
2015 5 5 23 284.107849
2015 5 6 5 284.323608
2015 5 6 5 283.198608
2015 5 6 5 284.073608
2015 5 6 5 283.698608
2015 5 6 11 291.684814
2015 5 6 11 285.059814
2015 5 6 11 284.809814
2015 5 6 17 285.156006
2015 5 6 17 292.406006
2015 5 6 23 283.893127
2015 5 7 5 284.153137
2015 5 7 5 283.778137
2015 5 7 11 284.600098
2015 5 7 17 285.065674
2015 5 7 17 284.690674
2015 5 7 23 284.829590
2015 5 8 5 282.904541
2015 5 8 17 293.941162
2015 5 8 23 283.207520
2015 5 8 23 283.207520
2015 5 9 5 283.106873
2015 5 9 5 284.481873
2015 5 9 11 288.068848
2015 5 9 11 283.693848
2015 5 9 17 284.200195
2015 5 9 17 283.200195
2015 5 9 17 292.700195
2015 5 9 23 284.461182
2015 5 10 5 284.959442
2015 5 10 5 284.459442
2015 5 10 5 284.834442
2015 5 10 5 284.459442
2015 5 10 5 284.334442
2015 5 10 11 288.658447
2015 5 10 17 292.651367
2015 5 10 17 285.401367
2015 5 10 23 285.212646
2015 5 10 23 283.712646
2015 5 11 5 283.598816
2015 5 11 11 284.258057
2015 5 11 11 284.133057
2015 5 11 17 284.258545
2015 5 11 23 283.500977
2015 5 11 23 283.750977
2015 5 11 23 283.750977
2015 5 12 5 283.393311
2015 5 12 5 282.893311
2015 5 12 5 283.768311
2015 5 12 11 289.451660
2015 5 12 17 289.279541
2015 5 12 17 291.654541
2015 5 12 23 284.616699
2015 5 13 5 283.578369
2015 5 13 5 283.953369
2015 5 13 11 292.971436
2015 5 13 17 284.862793
2015 5 13 17 283.862793
2015 5 13 23 283.922119
2015 5 14 5 285.235596
2015 5 14 5 283.860596
2015 5 14 5 283.860596
2015 5 14 11 291.706299
2015 5 14 11 284.331299
2015 5 14 11 284.581299
2015 5 14 23 285.781647
2015 5 14 23 284.156647
2015 5 15 5 283.802979
2015 5 15 17 284.116211
2015 5 15 17 292.616211
2015 5 15 23 285.439209
2015 5 15 23 284.189209
2015 5 15 23 284.439209
2015 5 16 5 284.438721
2015 5 16 5 284.313721
2015 5 16 5 284.063721
2015 5 16 17 292.624756
2015 5 16 17 285.124756
2015 5 16 17 284.874756
2015 5 16 23 285.157227
2015 5 17 5 284.007324
2015 5 17 17 292.461670
2015 5 17 17 284.086670
2015 5 17 23 284.215332
2015 5 17 23 284.215332
2015 5 17 23 285.840332
2015 5 18 5 284.236816
2015 5 18 5 283.986816
2015 5 18 11 284.629395
2015 5 18 11 289.004395
2015 5 18 17 292.785156
2015 5 18 17 284.910156
2015 5 18 17 284.160156
2015 5 18 23 286.231934
2015 5 19 5 284.259277
2015 5 19 5 285.134277
2015 5 19 5 285.134277
2015 5 19 11 289.046387
2015 5 19 11 284.546387
2015 5 19 17 292.564697
2015 5 19 17 285.064697
2015 5 19 17 290.189697
2015 5 20 5 284.435791
2015 5 20 5 284.810791
2015 5 20 11 289.880371
2015 5 20 17 285.417236
2015 5 21 5 284.350830
2015 5 21 5 284.475830
2015 5 21 17 285.138672
2015 5 21 17 285.513672
2015 5 21 23 284.741943
2015 5 21 23 287.116943
2015 5 21 23 284.741943
2015 5 22 5 284.742676
2015 5 22 17 285.530762
2015 5 23 5 285.098145
2015 5 23 23 284.810791
2015 5 23 23 284.685791
2015 5 24 5 284.510254
2015 5 24 5 284.760254
2015 5 24 5 284.510254
2015 5 24 11 288.673096
2015 5 24 11 284.798096
2015 5 24 11 285.173096
2015 5 24 11 285.048096
2015 5 24 17 285.304688
2015 5 25 5 284.226562
2015 5 25 5 285.601562
2015 5 25 11 284.834473
2015 5 25 11 284.334473
2015 5 25 17 285.210693
2015 5 25 23 284.531738
2015 5 26 5 284.311523
2015 5 26 5 285.436523
2015 5 26 11 288.520264
2015 5 26 11 284.895264
2015 5 26 17 285.093506
2015 5 27 5 284.494629
2015 5 27 5 284.994629
2015 5 27 11 293.434326
2015 5 27 11 285.309326
2015 5 27 11 290.809326
2015 5 27 17 294.403809
2015 5 27 23 286.827637
2015 5 28 5 285.162109
2015 5 28 5 285.287109
2015 5 28 5 285.412109
2015 5 28 11 289.658691
2015 5 28 11 291.533691
2015 5 28 11 285.783691
2015 5 28 17 291.578613
2015 5 28 17 285.328613
2015 5 28 23 285.327881
2015 5 28 23 285.327881
2015 5 28 23 286.077881
2015 5 28 23 286.077881
2015 5 29 17 285.924316
2015 5 29 23 284.953125
2015 5 29 23 284.828125
2015 5 30 5 284.967285
2015 5 30 11 291.356445
2015 5 31 5 285.236084
2015 5 31 5 285.111084
2015 5 31 11 285.639648
2015 5 31 11 285.889648
2015 5 31 17 286.251465
2015 5 31 17 285.876465
2015 5 31 17 292.126465
2015 5 31 23 285.250977
2015 5 31 23 287.250977
2015 5 31 23 286.875977
2015 6 1 5 285.256348
2015 6 1 5 286.631348
2015 6 1 5 287.006348
2015 6 1 11 285.889648
2015 6 1 11 291.764648
2015 6 1 23 285.693604
2015 6 1 23 287.568604
2015 6 1 23 285.693604
2015 6 2 5 285.647461
2015 6 2 5 285.647461
2015 6 2 5 287.522461
2015 6 2 11 286.670410
2015 6 2 11 292.795410
2015 6 2 17 286.183105
2015 6 2 17 286.558105
2015 6 2 23 286.197021
2015 6 2 23 287.072021
2015 6 3 5 285.915283
2015 6 3 5 285.915283
2015 6 3 5 286.040283
2015 6 3 11 286.871338
2015 6 3 23 286.868408
2015 6 4 5 285.204102
2015 6 4 11 294.446289
2015 6 4 11 291.821289
2015 6 4 17 285.274414
2015 6 4 23 284.453857
2015 6 4 23 284.328857
2015 6 5 5 284.341553
2015 6 5 5 284.466553
2015 6 5 11 285.633545
2015 6 5 11 284.508545
2015 6 5 17 285.835938
2015 6 5 17 293.085938
2015 6 5 17 284.460938
2015 6 5 17 296.835938
2015 6 6 5 285.855469
2015 6 6 17 285.506348
2015 6 6 17 293.131348
2015 6 6 23 284.160156
2015 6 8 5 284.889160
2015 6 8 5 284.764160
2015 6 8 11 295.215820
2015 6 8 11 284.840820
2015 6 8 23 289.480713
2015 6 9 5 286.354980
2015 6 9 5 286.479980
2015 6 9 11 286.443115
2015 6 9 17 286.204346
2015 6 9 17 293.829346
2015 6 9 17 297.204346
2015 6 10 17 298.681641
2015 6 10 17 285.556641
2015 6 10 23 286.071289
2015 6 10 23 288.821289
2015 6 10 23 286.071289
2015 6 11 5 285.713379
2015 6 11 11 286.641113
2015 6 11 11 287.141113
2015 6 11 17 287.125488
2015 6 11 17 294.500488
2015 6 11 17 298.125488
2015 6 11 23 286.451660
2015 6 11 23 286.326660
2015 6 11 23 286.451660
2015 6 12 5 286.819092
2015 6 12 5 286.319092
2015 6 12 5 286.194092
2015 6 12 17 295.405518
2015 6 12 23 286.824707
2015 6 12 23 286.824707
2015 6 13 5 286.920898
2015 6 13 11 296.253662
2015 6 13 17 287.790039
2015 6 13 17 286.540039
2015 6 13 17 287.415039
2015 6 13 23 288.618164
2015 6 13 23 288.368164
2015 6 13 23 288.368164
2015 6 14 5 288.152100
2015 6 14 5 288.277100
2015 6 14 5 288.277100
2015 6 14 5 288.152100
2015 6 14 11 296.859619
2015 6 14 17 289.069580
2015 6 14 23 287.654297
2015 6 15 5 286.873535
2015 6 15 5 286.998535
2015 6 15 5 286.498535
2015 6 15 5 286.748535
2015 6 15 17 287.092041
2015 6 15 17 295.092041
2015 6 15 23 286.342285
2015 6 15 23 287.342285
2015 6 15 23 286.342285
2015 6 16 5 286.304199
2015 6 16 5 286.429199
2015 6 16 5 286.304199
2015 6 16 11 286.269287
2015 6 16 17 287.501221
2015 6 16 17 293.126221
2015 6 16 17 287.126221
2015 6 17 5 285.271973
2015 6 17 5 285.771973
2015 6 17 17 293.169678
2015 6 17 23 286.795898
2015 6 17 23 285.920898
2015 6 17 23 286.045898
2015 6 18 5 285.777588
2015 6 18 5 285.902588
2015 6 18 11 286.717773
2015 6 18 11 292.217773
2015 6 18 11 286.092773
2015 6 20 11 285.522949
2015 6 20 11 284.772949
2015 6 20 11 295.397949
2015 6 20 17 292.843506
2015 6 20 23 284.796387
2015 6 21 5 286.203369
2015 6 21 5 284.578369
2015 6 21 5 286.328369
2015 6 21 5 284.828369
2015 6 21 11 290.828857
2015 6 21 11 293.078857
2015 6 21 11 285.328857
2015 6 21 17 285.885254
2015 6 22 5 284.822021
2015 6 22 5 285.072021
2015 6 22 23 286.490479
2015 6 23 5 285.288086
2015 6 23 5 285.538086
2015 6 23 11 286.631836
2015 6 23 11 292.631836
2015 6 23 11 286.381836
2015 6 23 17 292.847412
2015 6 23 17 286.597412
2015 6 23 17 285.722412
2015 6 23 23 286.710205
2015 6 23 23 286.710205
2015 6 23 23 287.085205
2015 6 23 23 286.585205
2015 6 24 5 286.521240
2015 6 24 5 286.521240
2015 6 24 11 287.282227
2015 6 24 11 295.907227
2015 6 24 23 285.690674
2015 6 24 23 286.690674
2015 6 25 5 285.534180
2015 6 25 5 285.659180
2015 6 25 11 287.112305
2015 6 25 11 285.487305
2015 6 25 11 286.487305
2015 6 25 23 286.264160
2015 6 25 23 288.139160
2015 6 26 5 286.995361
2015 6 26 5 286.620361
2015 6 26 5 285.620361
2015 6 26 11 286.870605
2015 6 26 11 287.620605
2015 6 26 17 299.617188
2015 6 26 23 287.091797
2015 6 26 23 290.966797
2015 6 27 5 287.162598
2015 6 27 11 297.785645
2015 6 27 11 286.410645
2015 6 27 17 286.306152
2015 6 27 17 287.556152
2015 6 27 17 288.181152
2015 6 27 23 287.086182
2015 6 27 23 289.211182
2015 6 28 5 288.623535
2015 6 28 5 286.623535
2015 6 28 5 287.123535
2015 6 28 5 289.623535
2015 6 28 11 287.448730
2015 6 28 11 295.698730
2015 6 29 5 287.327637
2015 6 29 11 288.309082
2015 6 29 11 292.434082
2015 6 29 17 298.296387
2015 6 29 17 294.796387
2015 6 29 17 288.671387
2015 6 29 17 287.171387
2015 6 30 5 287.475830
2015 6 30 5 287.475830
2015 6 30 11 288.945557
2015 6 30 17 287.408203
2015 6 30 17 296.783203
2015 6 30 23 290.820557
2015 7 1 5 286.965576
2015 7 1 5 287.590576
2015 7 1 11 288.212158
2015 7 1 17 288.208984
2015 7 1 17 288.833984
2015 7 1 17 299.958984
2015 7 1 23 287.590820
2015 7 1 23 286.965820
2015 7 1 23 289.840820
2015 7 2 5 286.875977
2015 7 2 5 289.000977
2015 7 2 11 295.654297
2015 7 2 17 288.061035
2015 7 2 17 299.686035
2015 7 2 23 288.015137
2015 7 2 23 290.140137
2015 7 3 23 289.679199
2015 7 3 23 287.679199
2015 7 4 5 288.455078
2015 7 4 5 287.580078
2015 7 4 17 296.008789
2015 7 4 17 289.508789
2015 7 4 23 288.305664
2015 7 5 5 288.960205
2015 7 5 5 288.460205
2015 7 5 11 289.911377
2015 7 5 17 289.937256
2015 7 5 17 299.562256
2015 7 5 17 289.437256
2015 7 5 23 290.423340
2015 7 5 23 288.923340
2015 7 6 5 288.813477
2015 7 6 5 289.438477
2015 7 6 11 289.592773
2015 7 6 11 289.217773
2015 7 7 5 288.733887
2015 7 7 17 288.513916
2015 7 7 17 295.638916
2015 7 7 23 290.058838
2015 7 7 23 290.183838
2015 7 7 23 290.058838
2015 7 8 11 290.522705
2015 7 8 11 290.147705
2015 7 8 11 294.272705
2015 7 8 17 295.375977
2015 7 9 5 289.723633
2015 7 9 11 294.039062
2015 7 9 17 290.544678
2015 7 9 17 290.044678
2015 7 9 23 289.499756
2015 7 10 5 289.617188
2015 7 10 5 289.992188
2015 7 10 17 295.406738
2015 7 10 17 290.906738
2015 7 11 5 289.457764
2015 7 11 11 290.925049
2015 7 11 11 296.175049
2015 7 11 17 299.107422
2015 7 11 23 290.692139
2015 7 11 23 290.442139
2015 7 11 23 291.192139
2015 7 12 5 289.944336
2015 7 12 5 290.444336
2015 7 12 11 291.798828
2015 7 12 11 290.298828
2015 7 12 17 291.325439
2015 7 12 23 290.968994
2015 7 12 23 291.093994
2015 7 13 5 290.612305
2015 7 13 5 290.612305
2015 7 13 11 296.474609
2015 7 13 17 299.096924
2015 7 13 23 291.325928
2015 7 13 23 291.075928
2015 7 14 5 290.686523
2015 7 14 5 291.061523
2015 7 14 5 291.061523
2015 7 14 17 291.078857
2015 7 14 17 298.578857
2015 7 15 5 289.958008
2015 7 15 5 289.583008
2015 7 15 5 289.583008
2015 7 15 5 289.958008
2015 7 15 11 289.451172
2015 7 15 11 296.076172
2015 7 16 5 288.463135
2015 7 16 5 288.463135
2015 7 16 11 295.731689
2015 7 16 11 288.481689
2015 7 16 17 288.512939
2015 7 16 23 290.198486
2015 7 16 23 288.323486
2015 7 16 23 288.573486
2015 7 17 5 288.218262
2015 7 17 5 288.468262
2015 7 17 11 295.855469
2015 7 17 17 290.130615
2015 7 17 23 288.949707
2015 7 18 5 288.462646
2015 7 18 11 289.383057
2015 7 18 23 289.115723
2015 7 18 23 289.365723
2015 7 19 5 289.419678
2015 7 19 17 302.546875
2015 7 19 17 289.171875
2015 7 19 23 290.095215
2015 7 20 5 291.573486
2015 7 20 5 290.948486
2015 7 20 11 289.721191
2015 7 20 11 290.846191
2015 7 20 17 291.431152
2015 7 20 17 297.306152
2015 7 20 23 290.461670
2015 7 20 23 290.711670
2015 7 20 23 291.086670
2015 7 21 5 290.215576
2015 7 21 5 290.340576
2015 7 21 11 295.994873
2015 7 21 17 290.890625
2015 7 21 17 296.015625
2015 7 21 17 290.015625
2015 7 21 17 298.765625
2015 7 21 23 290.016113
2015 7 22 5 289.711426
2015 7 22 11 290.268311
2015 7 22 11 289.643311
2015 7 22 17 289.558594
2015 7 22 23 289.526123
2015 7 23 5 288.680176
2015 7 23 5 288.930176
2015 7 23 11 289.231689
2015 7 23 17 290.503906
2015 7 23 17 297.753906
2015 7 23 23 289.095459
2015 7 23 23 288.720459
2015 7 23 23 288.595459
2015 7 24 11 289.987061
2015 7 24 17 288.471680
2015 7 24 23 288.607666
2015 7 25 5 288.560059
2015 7 25 5 288.560059
2015 7 25 17 289.476074
2015 7 25 17 298.601074
2015 7 25 23 289.930908
2015 7 26 5 288.762939
2015 7 26 11 295.454590
2015 7 26 11 288.829590
2015 7 26 11 289.704590
2015 7 26 17 297.949951
2015 7 27 5 288.562012
2015 7 27 5 288.562012
2015 7 27 11 289.509277
2015 7 27 11 298.634277
2015 7 27 11 295.509277
2015 7 27 17 290.284180
2015 7 27 17 300.409180
2015 7 27 23 288.457764
2015 7 27 23 290.082764
2015 7 28 5 288.077148
2015 7 28 5 288.077148
2015 7 28 17 288.211182
2015 7 28 17 298.336182
2015 7 28 17 289.461182
2015 7 28 23 287.659668
2015 7 28 23 288.409668
2015 7 28 23 288.034668
2015 7 29 5 287.559082
2015 7 29 5 288.684082
2015 7 29 11 287.627686
2015 7 29 17 302.367676
2015 7 29 23 288.755371
2015 7 29 23 290.755371
2015 7 30 5 289.299316
2015 7 30 17 296.795654
2015 7 30 23 291.478516
2015 7 31 17 290.530029
2015 7 31 23 289.635742
2015 8 1 5 289.874268
2015 8 1 5 289.374268
2015 8 1 5 289.499268
2015 8 1 23 289.527100
2015 8 2 17 298.365967
2015 8 2 23 289.813965
2015 8 2 23 290.313965
2015 8 2 23 289.938965
2015 8 3 5 289.690918
2015 8 3 5 289.690918
2015 8 3 11 289.605225
2015 8 3 23 291.081787
2015 8 3 23 290.831787
2015 8 4 5 289.981445
2015 8 4 11 289.954834
2015 8 4 17 291.479736
2015 8 4 23 291.258545
2015 8 5 5 290.175293
2015 8 5 5 291.175293
2015 8 5 23 290.735596
2015 8 5 23 290.860596
2015 8 5 23 290.735596
2015 8 5 23 291.110596
2015 8 6 5 290.513428
2015 8 6 11 290.727539
2015 8 6 17 297.340820
2015 8 6 17 300.340820
2015 8 6 23 290.587891
2015 8 7 5 290.437988
2015 8 7 5 290.437988
2015 8 7 5 289.812988
2015 8 7 11 296.845215
2015 8 7 11 291.845215
2015 8 7 11 291.345215
2015 8 7 17 291.351318
2015 8 7 23 290.290771
2015 8 7 23 290.915771
2015 8 8 5 290.333984
2015 8 8 11 296.161621
2015 8 8 11 291.536621
2015 8 8 23 290.269531
2015 8 8 23 290.394531
2015 8 9 11 295.521973
2015 8 9 11 290.896973
2015 8 9 17 291.538330
2015 8 9 23 289.911621
2015 8 9 23 289.536621
2015 8 10 5 289.447998
2015 8 10 11 289.299072
2015 8 10 17 295.744141
2015 8 10 23 289.590820
2015 8 11 5 289.210449
2015 8 11 11 289.857178
2015 8 11 11 289.232178
2015 8 11 11 290.232178
2015 8 11 17 290.246582
2015 8 11 17 295.746582
2015 8 11 17 290.746582
2015 8 11 23 289.735352
2015 8 11 23 289.985352
2015 8 11 23 289.860352
2015 8 11 23 289.610352
2015 8 12 5 289.455566
2015 8 12 5 289.580566
2015 8 12 11 299.366455
2015 8 12 11 289.616455
2015 8 12 17 291.249023
2015 8 12 23 290.074707
2015 8 13 11 290.649902
2015 8 13 11 291.274902
2015 8 13 17 289.749756
2015 8 13 23 291.399902
2015 8 13 23 291.274902
2015 8 14 5 291.378418
2015 8 14 5 291.003418
2015 8 14 17 299.841309
2015 8 14 23 291.533203
2015 8 15 11 292.757080
2015 8 15 11 291.257080
2015 8 15 17 292.412598
2015 8 15 17 293.162598
2015 8 15 23 290.634277
2015 8 15 23 292.759277
2015 8 15 23 293.759277
2015 8 16 5 290.213135
2015 8 16 5 290.463135
2015 8 16 11 291.069824
2015 8 16 17 299.473877
2015 8 16 17 290.098877
2015 8 16 23 290.218750
2015 8 16 23 292.593750
2015 8 17 5 289.554932
2015 8 17 5 289.929932
2015 8 17 11 296.904297
2015 8 17 11 290.654297
2015 8 17 11 291.279297
2015 8 17 17 290.822510
2015 8 17 17 301.572510
2015 8 18 5 290.247314
2015 8 18 5 289.497314
2015 8 18 11 291.557617
2015 8 18 11 290.182617
2015 8 18 23 290.864990
2015 8 18 23 289.864990
2015 8 19 5 290.569092
2015 8 19 5 290.819092
2015 8 19 11 298.033936
2015 8 19 11 290.533936
2015 8 19 17 290.778320
2015 8 19 23 290.156494
2015 8 20 5 290.822754
2015 8 20 5 290.072754
2015 8 20 11 294.939941
2015 8 20 11 290.564941
2015 8 20 17 298.899414
2015 8 20 23 290.341064
2015 8 20 23 290.591064
2015 8 21 11 298.427002
2015 8 21 17 290.285400
2015 8 21 17 291.535400
2015 8 21 23 290.138184
2015 8 21 23 291.138184
2015 8 22 11 295.890625
2015 8 22 11 290.640625
2015 8 22 17 291.438232
2015 8 22 17 296.313232
2015 8 22 23 289.698730
2015 8 22 23 290.198730
2015 8 23 5 289.701416
2015 8 23 11 295.549316
2015 8 23 11 291.049316
2015 8 23 17 296.150879
2015 8 23 23 290.024658
2015 8 23 23 290.274658
2015 8 23 23 290.399658
2015 8 24 5 290.367432
2015 8 24 11 298.370117
2015 8 24 11 290.120117
2015 8 24 17 296.011719
2015 8 24 17 291.511719
2015 8 24 17 298.761719
2015 8 24 17 290.886719
2015 8 24 23 290.368408
2015 8 25 5 290.284180
2015 8 25 11 297.695557
2015 8 25 11 295.320557
2015 8 25 17 291.523682
2015 8 25 23 290.246094
2015 8 26 5 289.254395
2015 8 26 11 298.731934
2015 8 26 11 291.856934
2015 8 26 17 291.895508
2015 8 26 23 291.200684
2015 8 26 23 290.450684
2015 8 27 5 290.567871
2015 8 27 11 291.970703
2015 8 27 17 301.595703
2015 8 27 17 297.970703
2015 8 27 23 292.480957
2015 8 27 23 290.855957
2015 8 27 23 290.230957
2015 8 27 23 290.605957
2015 8 28 5 290.103516
2015 8 28 5 290.353516
2015 8 28 17 301.098145
2015 8 28 23 291.277588
2015 8 28 23 291.027588
2015 8 29 5 290.681396
2015 8 29 11 300.624023
2015 8 29 23 291.115234
2015 8 29 23 290.365234
2015 8 29 23 291.490234
2015 8 30 5 289.956299
2015 8 30 11 290.902100
2015 8 30 17 290.083740
2015 8 30 17 298.583740
2015 8 31 11 298.766357
2015 9 1 11 295.645508
2015 9 1 23 290.531982
2015 9 1 23 290.656982
2015 9 2 5 290.384766
2015 9 2 5 289.759766
2015 9 2 5 290.384766
2015 9 2 11 290.988281
2015 9 2 11 291.363281
2015 9 2 11 297.113281
2015 9 2 11 290.363281
2015 9 2 17 291.125732
2015 9 2 17 297.625732
2015 9 2 23 290.580322
2015 9 2 23 290.455322
2015 9 2 23 290.455322
2015 9 2 23 290.330322
2015 9 3 11 294.987793
2015 9 3 11 297.112793
2015 9 3 17 294.848877
2015 9 3 17 290.973877
2015 9 3 17 290.223877
2015 9 7 17 297.061523
2015 9 7 17 290.186523
2015 9 7 17 301.186523
2015 9 7 17 288.311523
2015 9 7 17 289.436523
2015 9 7 23 289.005859
2015 9 8 5 288.642334
2015 9 8 5 288.642334
2015 9 8 5 288.517334
2015 9 8 5 288.267334
2015 9 8 11 300.555420
2015 9 8 11 296.805420
2015 9 8 17 302.658203
2015 9 8 17 289.908203
2015 9 8 17 290.658203
2015 9 8 23 288.371094
2015 9 8 23 288.746094
2015 9 8 23 288.996094
2015 9 8 23 290.996094
2015 9 8 23 292.246094
2015 9 9 5 288.521240
2015 9 9 11 290.172607
2015 9 9 17 288.332031
2015 9 9 17 290.332031
2015 9 9 23 289.135498
2015 9 9 23 291.260498
2015 9 9 23 292.260498
2015 9 10 11 289.138184
2015 9 10 11 290.263184
2015 9 10 11 296.388184
2015 9 10 17 290.916504
2015 9 10 17 290.291504
2015 9 10 17 300.666504
2015 9 11 5 289.278076
2015 9 11 5 289.528076
2015 9 11 5 289.278076
2015 9 11 11 289.401123
2015 9 11 11 290.901123
2015 9 11 11 290.276123
2015 9 11 17 294.901123
2015 9 11 17 297.776123
2015 9 11 23 289.551025
2015 9 11 23 290.176025
2015 9 11 23 289.676025
2015 9 12 11 295.591797
2015 9 12 11 290.466797
2015 9 12 17 290.370117
2015 9 12 17 289.870117
2015 9 12 23 290.092041
2015 9 12 23 289.342041
2015 9 13 5 289.297852
2015 9 13 11 295.145020
2015 9 13 11 290.395020
2015 9 13 17 290.486328
2015 9 13 17 289.861328
2015 9 13 23 289.720215
2015 9 13 23 289.470215
2015 9 14 5 288.681885
2015 9 14 5 288.806885
2015 9 14 5 289.056885
2015 9 14 11 288.570312
2015 9 14 11 289.070312
2015 9 14 17 294.082520
2015 9 14 17 289.082520
2015 9 14 17 288.457520
2015 9 14 23 289.000732
2015 9 14 23 289.250732
2015 9 15 5 288.982666
2015 9 15 11 288.982178
2015 9 15 11 289.607178
2015 9 15 17 294.213135
2015 9 15 17 288.963135
2015 9 20 11 296.576660
2015 9 20 11 289.451660
2015 9 20 11 299.826660
2015 9 20 17 289.326904
2015 9 20 17 290.951904
2015 9 20 23 289.402832
2015 9 21 5 289.464355
2015 9 21 5 289.464355
2015 9 21 5 289.589355
2015 9 21 11 290.834473
2015 9 21 11 289.334473
2015 9 21 11 299.959473
2015 9 21 17 299.508789
2015 9 21 17 290.258789
2015 9 21 17 290.758789
2015 9 21 23 289.553711
2015 9 21 23 289.803711
2015 9 22 11 289.508057
2015 9 22 17 289.509277
2015 9 22 23 290.140625
2015 9 22 23 290.390625
2015 9 23 5 290.023193
2015 9 23 11 290.235596
2015 9 23 11 296.610596
2015 9 23 11 294.610596
2015 9 23 11 290.860596
2015 9 23 17 297.892334
2015 9 23 17 291.392334
2015 9 23 17 295.517334
2015 9 23 23 289.624756
2015 9 24 5 289.620361
2015 9 24 5 289.495361
2015 9 24 5 289.245361
2015 9 24 11 298.075928
2015 9 24 17 290.798584
2015 9 24 17 290.298584
2015 9 24 17 296.048584
2015 9 24 17 299.048584
2015 9 24 17 289.423584
2015 9 24 23 290.306641
2015 9 24 23 290.681641
2015 9 25 5 289.304199
2015 9 25 5 288.429199
2015 9 25 5 289.304199
2015 9 25 11 294.335938
2015 9 25 11 296.585938
2015 9 25 11 289.960938
2015 9 25 17 294.383545
2015 9 25 17 289.258545
2015 9 25 23 289.999268
2015 9 26 5 289.572998
2015 9 26 11 289.624268
2015 9 26 11 295.999268
2015 9 26 17 296.190186
2015 9 26 17 294.190186
2015 9 26 23 289.428467
2015 9 26 23 289.553467
2015 9 26 23 289.428467
2015 9 27 5 289.323730
2015 9 27 5 289.448730
2015 9 27 17 289.609131
2015 9 27 17 290.109131
2015 9 27 17 293.984131
2015 9 27 23 289.377197
2015 9 27 23 289.377197
2015 9 28 5 289.435791
2015 9 28 5 288.435791
2015 9 28 11 290.009521
2015 9 28 17 289.903564
2015 9 28 17 293.153564
2015 9 28 23 289.912842
2015 9 29 5 289.864990
2015 9 29 5 289.989990
2015 9 29 5 289.739990
2015 9 29 5 289.864990
2015 9 29 11 289.825684
2015 9 29 11 295.450684
2015 9 29 11 290.325684
2015 9 29 17 290.416016
2015 9 29 17 290.291016
2015 9 30 5 290.040771
2015 9 30 5 289.790771
2015 9 30 11 290.317871
2015 9 30 11 290.317871
2015 10 1 5 290.010742
2015 10 1 11 292.864990
2015 10 1 17 290.872070
2015 10 2 5 290.160889
2015 10 2 11 290.860352
2015 10 2 11 290.110352
2015 10 2 23 290.072021
2015 10 3 11 290.556152
2015 10 3 17 289.947266
2015 10 3 23 289.219971
2015 10 4 5 288.842773
2015 10 4 11 290.034180
2015 10 4 11 294.284180
2015 10 4 17 289.510742
2015 10 4 17 290.010742
2015 10 4 23 288.826904
2015 10 4 23 289.451904
2015 10 5 5 288.837891
2015 10 5 5 288.587891
2015 10 5 5 288.462891
2015 10 5 11 293.952881
2015 10 5 11 289.577881
2015 10 5 23 289.284424
2015 10 6 11 290.003662
2015 10 6 11 294.253662
2015 10 6 17 296.164307
2015 10 6 17 294.164307
2015 10 6 23 289.660156
2015 10 7 5 288.804932
2015 10 7 5 288.179932
2015 10 7 5 287.554932
2015 10 7 11 289.132324
2015 10 7 17 289.097168
2015 10 7 23 290.372559
2015 10 7 23 289.872559
2015 10 8 5 289.778320
2015 10 8 5 289.528320
2015 10 8 5 289.903320
2015 10 8 11 297.049805
2015 10 8 11 290.799805
2015 10 8 17 289.994385
2015 10 8 17 294.869385
2015 10 8 23 289.856201
2015 10 8 23 289.856201
2015 10 8 23 289.856201
2015 10 9 11 290.337891
2015 10 9 11 289.837891
2015 10 9 11 296.462891
2015 10 9 23 290.110596
2015 10 9 23 289.860596
2015 10 10 5 290.170410
2015 10 10 5 289.795410
2015 10 10 11 290.597656
2015 10 10 11 290.097656
2015 10 10 11 290.347656
2015 10 10 17 290.541504
2015 10 10 17 295.291504
2015 10 10 23 289.844482
2015 10 11 5 289.718018
2015 10 11 11 296.738770
2015 10 11 17 294.494141
2015 10 11 17 296.369141
2015 10 11 17 290.744141
2015 10 11 23 289.567139
2015 10 11 23 290.192139
2015 10 12 5 287.525635
2015 10 12 5 288.525635
2015 10 12 11 296.831299
2015 10 12 17 298.462891
2015 10 12 17 291.212891
2015 10 12 23 291.145752
2015 10 13 5 289.415771
2015 10 13 11 291.157715
2015 10 13 11 290.532715
2015 10 13 11 291.407715
2015 10 13 11 298.532715
2015 10 13 17 291.493652
2015 10 13 17 290.493652
2015 10 13 17 291.118652
2015 10 13 23 290.844238
2015 10 13 23 290.719238
2015 10 14 5 290.065430
2015 10 14 5 290.440430
2015 10 14 11 295.962402
2015 10 14 11 290.587402
2015 10 14 17 291.578857
2015 10 14 17 297.953857
2015 10 14 23 291.599121
2015 10 14 23 291.474121
2015 10 14 23 291.599121
2015 10 15 5 291.857422
2015 10 15 5 291.482422
2015 10 15 11 298.200684
2015 10 15 23 290.734497
2015 10 15 23 291.109497
2015 10 16 5 291.075928
2015 10 16 11 294.989502
2015 10 16 11 291.989502
2015 10 16 17 291.522705
2015 10 16 17 296.147705
2015 10 16 23 290.992676
2015 10 16 23 290.617676
2015 10 17 5 290.848389
2015 10 17 5 290.973389
2015 10 17 5 290.973389
2015 10 17 5 290.973389
2015 10 17 11 291.275635
2015 10 17 11 293.025635
2015 10 17 11 291.275635
2015 10 17 17 291.374023
2015 10 17 17 294.749023
2015 10 17 17 290.999023
2015 10 17 17 291.499023
2015 10 17 23 290.518555
2015 10 18 5 290.118652
2015 10 18 5 288.368652
2015 10 18 11 291.005859
2015 10 18 11 290.380859
2015 10 18 17 290.351074
2015 10 18 17 293.976074
2015 10 18 17 292.851074
2015 10 18 23 290.583679
2015 10 18 23 290.958679
2015 10 19 5 290.920654
2015 10 19 17 291.364014
2015 10 19 23 290.341248
2015 10 19 23 290.716248
2015 10 20 5 290.719788
2015 10 20 5 288.594788
2015 10 20 5 289.344788
2015 10 20 11 291.321533
2015 10 20 17 294.460144
2015 10 20 23 289.738770
2015 10 20 23 290.113770
2015 10 20 23 290.488770
2015 10 20 23 290.613770
2015 10 21 5 290.089355
2015 10 21 11 290.584473
2015 10 21 17 291.256836
2015 10 21 17 295.756836
2015 10 21 23 290.714966
2015 10 22 5 290.396729
2015 10 22 5 288.896729
2015 10 22 17 291.446045
2015 10 22 23 290.218018
2015 10 22 23 290.843018
2015 10 24 23 290.336243
2015 10 25 5 290.257202
2015 10 25 5 290.257202
2015 10 25 11 295.148682
2015 10 25 11 291.023682
2015 10 25 17 293.038269
2015 10 26 5 287.487427
2015 10 26 11 290.796631
2015 10 26 11 294.921631
2015 10 26 11 293.671631
2015 10 26 17 295.335785
2015 10 26 17 291.085785
2015 10 26 23 290.494171
2015 10 27 5 290.266357
2015 10 27 11 290.917969
2015 10 27 11 292.792969
2015 10 27 11 290.542969
2015 10 27 23 290.547119
2015 10 28 5 290.390381
2015 10 28 5 290.140381
2015 10 28 11 290.441895
2015 10 28 11 290.941895
2015 10 29 5 290.312561
2015 10 29 5 290.187561
2015 10 29 5 288.687561
2015 10 29 11 290.913818
2015 10 29 11 293.038818
2015 10 29 17 290.956055
2015 10 29 23 290.377167
2015 10 29 23 290.377167
2015 10 29 23 289.627167
2015 10 30 11 294.301514
2015 10 30 11 290.801514
2015 10 30 17 290.496582
2015 10 30 17 294.996582
2015 10 30 23 290.136230
2015 10 30 23 290.136230
2015 10 30 23 290.011230
2015 10 31 5 290.085602
2015 10 31 11 290.209229
2015 10 31 17 295.023346
2015 10 31 17 290.648346
2015 11 1 10 294.452881
2015 11 1 16 290.471252
2015 11 2 10 289.465088
2015 11 2 10 289.465088
2015 11 2 16 289.582825
2015 11 2 16 290.207825
2015 11 3 4 289.271851
2015 11 3 4 289.021851
2015 11 3 10 289.800293
2015 11 3 16 289.648590
2015 11 3 16 291.273590
2015 11 3 22 289.272186
2015 11 3 22 286.897186
2015 11 4 4 288.800903
2015 11 4 4 284.550903
2015 11 4 10 289.251953
2015 11 4 10 291.001953
2015 11 4 10 289.501953
2015 11 4 22 285.706085
2015 11 5 4 285.099396
2015 11 5 4 287.849396
2015 11 5 10 290.203125
2015 11 5 16 288.595673
2015 11 5 22 287.677460
2015 11 5 22 287.302460
2015 11 6 4 287.498108
2015 11 6 10 289.969238
2015 11 6 16 289.944611
2015 11 6 16 290.819611
2015 11 6 16 288.194611
2015 11 6 22 287.642365
2015 11 6 22 286.517365
2015 11 7 4 287.558960
2015 11 7 10 288.218994
2015 11 7 16 288.019409
2015 11 7 16 288.269409
2015 11 7 22 286.130432
2015 11 7 22 287.005432
2015 11 8 4 288.212524
2015 11 8 16 288.728577
2015 11 8 22 288.335754
2015 11 8 22 286.960754
2015 11 8 22 286.210754
2015 11 9 4 286.500366
2015 11 9 10 288.360596
2015 11 9 10 288.360596
2015 11 9 10 288.360596
2015 11 9 10 288.360596
2015 11 9 16 288.003113
2015 11 9 16 287.753113
2015 11 9 22 288.062103
2015 11 9 22 286.312103
2015 11 10 4 287.632812
2015 11 10 4 284.007812
2015 11 10 10 288.726868
2015 11 10 10 288.226868
2015 11 10 16 288.543579
2015 11 10 16 288.168579
2015 11 10 16 288.043579
2015 11 10 22 287.696838
2015 11 10 22 287.571838
2015 11 10 22 284.446838
2015 11 11 4 288.012512
2015 11 11 10 288.636993
2015 11 11 10 288.761993
2015 11 11 16 288.790649
2015 11 11 22 284.394775
2015 11 12 4 287.347656
2015 11 12 4 287.597656
2015 11 12 10 288.294739
2015 11 12 10 288.169739
2015 11 12 22 284.896179
2015 11 13 4 287.827087
2015 11 13 4 288.077087
2015 11 13 10 288.680176
2015 11 13 22 288.124237
2015 11 13 22 287.874237
2015 11 13 22 287.749237
2015 11 14 4 287.991577
2015 11 14 4 284.616577
2015 11 14 10 288.308350
2015 11 14 16 288.121826
2015 11 14 16 289.121826
2015 11 14 22 287.978363
2015 11 14 22 288.228363
2015 11 14 22 286.353363
2015 11 15 4 288.155243
2015 11 15 4 288.155243
2015 11 15 10 287.644287
2015 11 15 10 288.144287
2015 11 15 16 287.601257
2015 11 15 16 288.226257
2015 11 15 16 287.226257
2015 11 15 22 287.448120
2015 11 15 22 285.448120
2015 11 15 22 284.198120
2015 11 16 4 284.492218
2015 11 16 10 287.532288
2015 11 16 16 288.007812
2015 11 16 16 288.007812
2015 11 16 22 284.292419
2015 11 16 22 285.292419
2015 11 17 4 287.178070
2015 11 17 10 288.280334
2015 11 17 10 287.155334
2015 11 17 10 287.280334
2015 11 17 16 287.313446
2015 11 17 16 287.313446
2015 11 17 22 285.221313
2015 11 17 22 285.846313
2015 11 17 22 286.971313
2015 11 18 4 286.819580
2015 11 18 10 287.082672
2015 11 18 10 289.207672
2015 11 18 16 288.523315
2015 11 18 16 289.273315
2015 11 19 10 286.439423
2015 11 19 10 287.939423
2015 11 19 16 286.632477
2015 11 20 4 283.943085
2015 11 20 10 287.193176
2015 11 20 10 287.068176
2015 11 20 22 285.064240
2015 11 20 22 285.689240
2015 11 20 22 286.439240
2015 11 21 4 286.152679
2015 11 21 10 286.557220
2015 11 21 10 286.807220
2015 11 21 16 286.414490
2015 11 21 16 286.914490
2015 11 21 16 290.414490
2015 11 21 22 286.656555
2015 11 21 22 286.531555
2015 11 22 4 286.489380
2015 11 22 4 286.364380
2015 11 22 4 284.739380
2015 11 22 10 286.904633
2015 11 22 10 286.779633
2015 11 22 16 288.903259
2015 11 22 16 287.028259
2015 11 22 22 286.708374
2015 11 23 4 286.680511
2015 11 23 4 286.805511
2015 11 23 16 287.249207
2015 11 23 16 287.374207
2015 11 23 22 286.463043
2015 11 23 22 286.588043
2015 11 23 22 284.963043
2015 11 24 10 287.050995
2015 11 24 10 286.800995
2015 11 24 16 286.146118
2015 11 24 22 286.213043
2015 11 25 4 283.657227
2015 11 25 10 286.045380
2015 11 25 10 286.045380
2015 11 25 16 285.919464
2015 11 26 4 285.870514
2015 11 26 4 285.495514
2015 11 26 10 283.855286
2015 11 26 10 284.480286
2015 11 26 16 284.760010
2015 11 26 16 285.760010
2015 11 26 22 282.747223
2015 11 27 10 285.691589
2015 11 27 16 285.884155
2015 11 27 22 285.615692
2015 11 28 4 286.230560
2015 11 28 4 285.355560
2015 11 28 10 285.954437
2015 11 28 16 285.751099
2015 11 28 22 282.644043
2015 11 28 22 280.894043
2015 11 29 4 286.113312
2015 11 29 4 285.613312
2015 11 29 10 284.315796
2015 11 29 10 284.940796
2015 11 29 16 286.206299
2015 11 29 22 286.084473
2015 11 30 4 280.023987
2015 11 30 4 285.523987
2015 11 30 4 282.023987
2015 11 30 10 286.068665
2015 11 30 10 286.068665
2015 11 30 16 285.982300
2015 11 30 22 282.321411
2015 11 30 22 283.571411
2015 11 30 22 285.821411
2015 12 1 4 282.629395
2015 12 1 4 285.629395
2015 12 1 4 286.254395
2015 12 1 10 285.607971
2015 12 1 10 286.357971
2015 12 1 10 286.232971
2015 12 1 16 286.262482
2015 12 1 22 285.971161
2015 12 1 22 286.096161
2015 12 2 4 281.823364
2015 12 2 4 285.698364
2015 12 2 10 286.098846
2015 12 2 10 286.348846
2015 12 2 16 286.343933
2015 12 2 16 286.343933
2015 12 2 22 286.955505
2015 12 2 22 286.705505
2015 12 2 22 283.830505
2015 12 3 10 287.247070
2015 12 3 10 286.997070
2015 12 3 10 287.247070
2015 12 3 22 285.271118
2015 12 3 22 286.771118
2015 12 3 22 286.646118
2015 12 4 4 282.038971
2015 12 4 10 287.508179
2015 12 4 10 287.508179
2015 12 4 10 287.008179
2015 12 4 16 287.092102
2015 12 4 16 287.717102
2015 12 4 22 287.042542
2015 12 5 4 281.924988
2015 12 5 10 287.386169
2015 12 5 10 286.386169
2015 12 5 16 287.339600
2015 12 5 22 284.620239
2015 12 6 4 286.858398
2015 12 6 4 287.108398
2015 12 6 4 282.733398
2015 12 6 10 286.264221
2015 12 6 10 287.264221
2015 12 6 22 287.247620
2015 12 6 22 287.247620
2015 12 7 4 287.198059
2015 12 7 4 286.448059
2015 12 7 4 287.198059
2015 12 7 10 287.452484
2015 12 7 10 287.202484
2015 12 7 10 288.202484
2015 12 7 16 288.262451
2015 12 7 16 287.387451
2015 12 7 22 287.231995
2015 12 7 22 287.231995
2015 12 8 4 285.797485
2015 12 8 4 287.172485
2015 12 8 10 288.021667
2015 12 8 10 287.521667
2015 12 8 10 287.521667
2015 12 8 16 287.579346
2015 12 8 16 287.204346
2015 12 8 22 287.639709
2015 12 9 4 287.403015
2015 12 9 4 287.403015
2015 12 9 10 287.931030
2015 12 9 10 287.556030
2015 12 9 16 287.423065
2015 12 9 16 287.798065
2015 12 9 22 287.453491
2015 12 9 22 288.078491
2015 12 10 4 287.420837
2015 12 10 4 287.295837
2015 12 10 10 287.635010
2015 12 10 16 287.365967
2015 12 10 16 288.115967
2015 12 10 16 287.865967
2015 12 10 16 287.490967
2015 12 10 22 287.467316
2015 12 10 22 286.217316
2015 12 11 4 287.313141
2015 12 11 4 285.813141
2015 12 11 4 287.063141
2015 12 11 10 287.240326
2015 12 11 16 286.572205
2015 12 11 16 287.197205
2015 12 11 22 287.564575
2015 12 11 22 287.814575
2015 12 11 22 284.189575
2015 12 12 4 283.246887
2015 12 12 4 287.246887
2015 12 12 10 287.778961
2015 12 12 10 287.778961
2015 12 12 16 287.865845
2015 12 12 16 287.740845
2015 12 12 22 287.578735
2015 12 12 22 287.578735
2015 12 12 22 286.453735
2015 12 13 4 287.558685
2015 12 13 10 287.920410
2015 12 13 10 287.420410
2015 12 13 16 285.489929
2015 12 13 16 287.364929
2015 12 13 22 284.565430
2015 12 13 22 287.815430
2015 12 14 4 284.065826
2015 12 14 4 287.190826
2015 12 14 4 287.440826
2015 12 14 10 287.831360
2015 12 14 10 285.956360
2015 12 14 10 287.706360
2015 12 14 16 287.782288
2015 12 14 16 287.657288
2015 12 14 16 287.532288
2015 12 14 16 286.032288
2015 12 14 22 283.086060
2015 12 14 22 287.211060
2015 12 15 4 287.106842
2015 12 15 4 287.606842
2015 12 15 10 285.825409
2015 12 15 10 287.450409
2015 12 15 10 287.325409
2015 12 15 16 287.210205
2015 12 15 22 286.853455
2015 12 15 22 286.478455
2015 12 16 10 286.953674
2015 12 17 4 282.523895
2015 12 17 4 280.148895
2015 12 17 4 286.523895
2015 12 17 10 287.099274
2015 12 17 10 287.349274
2015 12 17 10 285.849274
2015 12 17 10 285.099274
2015 12 20 16 286.703644
2015 12 20 16 285.453644
2015 12 20 16 284.703644
2015 12 20 16 286.828644
2015 12 20 22 286.875031
2015 12 20 22 287.000031
2015 12 21 10 287.204376
2015 12 21 10 287.079376
2015 12 21 10 287.079376
2015 12 21 10 287.079376
2015 12 21 10 287.079376
2015 12 21 16 286.982788
2015 12 21 16 286.982788
2015 12 21 16 287.107788
2015 12 26 16 283.395081
2015 12 26 16 286.145081
2015 12 26 22 286.804871
2015 12 27 10 286.227081
2015 12 27 16 286.229828
2015 12 27 16 283.979828
2015 12 29 10 284.274414
2015 12 29 16 284.605591
2015 12 29 16 286.605591
2015 12 29 16 285.355591
2015 12 29 16 286.355591
2015 12 29 22 286.014221
2015 12 29 22 285.639221
2015 12 29 22 286.639221
2015 12 30 4 286.709137
2015 12 30 10 286.258911
2015 12 30 10 283.758911
2015 12 30 10 285.883911
2015 12 30 10 282.383911
2015 12 30 16 286.289185
2015 12 30 22 285.268402
2015 12 30 22 285.768402
2015 12 31 4 281.409180
2015 12 31 10 285.802948
2015 12 31 10 285.427948
2015 12 31 10 283.177948
