1.000 -0.424 0.001 0.013 -0.020 0.200 -0.228 -0.025 -0.156 -0.032 -0.296 -0.200 -0.274 -0.087 -0.013 0.828 -0.211 -0.153 0.061 -0.614 0.129 -0.326 -0.179 -0.017 -0.202 -0.211 0.184 0.116 0.801 -0.012 -0.131 0.137 -0.170 -0.034 -0.110 0.105 0.866 -0.185 0.884 -0.702 0.028 0.407 0.014 -0.187 -0.246 -0.588 0.134 -0.737 -0.558 0.116 0.180 -0.209 -0.152 0.754 -0.278 -0.152 
-0.424 1.000 -0.001 -0.007 0.006 -0.231 0.218 0.015 0.027 0.078 0.179 0.225 0.041 -0.011 0.007 -0.387 0.217 0.183 0.016 0.454 -0.038 0.008 0.052 -0.138 0.201 0.217 -0.107 -0.059 -0.342 0.006 0.154 -0.025 0.103 0.058 0.087 -0.013 -0.345 0.033 -0.438 0.488 0.120 -0.104 -0.007 0.143 0.091 0.183 -0.104 0.302 0.889 -0.016 -0.070 0.026 0.132 -0.257 0.080 0.132 
0.001 -0.001 1.000 -0.000 -0.000 0.001 0.005 0.000 0.000 0.004 -0.000 -0.000 -0.001 -0.005 0.000 0.003 0.004 0.001 0.000 0.001 0.001 -0.001 -0.001 -0.002 0.004 0.004 0.007 -0.000 0.001 0.000 0.003 -0.000 0.002 -0.001 0.000 0.000 0.001 0.000 0.003 -0.001 0.002 -0.000 -0.000 0.005 -0.000 0.000 0.003 -0.000 -0.001 0.000 0.004 -0.001 0.003 -0.000 -0.000 0.003 
0.013 -0.007 -0.000 1.000 -0.001 0.020 -0.000 -0.001 0.007 -0.025 -0.080 -0.008 -0.012 -0.019 -1.000 -0.267 -0.000 -0.000 0.004 -0.008 -0.009 -0.007 -0.000 0.001 -0.000 -0.000 0.005 -0.015 -0.231 -1.000 -0.000 -0.070 -0.051 -0.040 0.000 0.001 -0.078 0.006 0.012 -0.010 -0.000 0.000 1.000 -0.000 -0.003 -0.004 0.003 -0.009 -0.008 0.002 -0.032 -0.013 0.000 0.015 -0.005 0.000 
-0.020 0.006 -0.000 -0.001 1.000 -0.046 0.015 -0.000 -0.002 -0.004 0.020 -0.003 0.019 0.016 0.001 -0.019 0.015 0.011 -0.008 0.023 -0.003 0.000 0.004 -0.003 0.015 0.015 0.000 -0.005 -0.009 0.001 0.011 0.007 0.031 0.035 0.021 0.016 -0.029 -0.001 -0.020 0.034 0.001 -0.008 -0.001 0.011 -0.002 0.007 -0.003 0.005 0.008 0.018 -0.009 0.018 0.013 -0.004 -0.018 0.013 
0.200 -0.231 0.001 0.020 -0.046 1.000 -0.113 -0.054 0.192 0.035 -0.338 -0.456 -0.043 -0.133 -0.019 0.265 -0.107 -0.080 -0.103 -0.276 -0.281 -0.135 -0.039 0.091 -0.102 -0.107 0.021 -0.367 0.073 -0.019 -0.073 -0.115 -0.142 -0.508 -0.203 -0.131 0.266 0.182 0.282 -0.311 -0.058 0.088 0.020 -0.091 -0.077 -0.197 0.104 -0.256 -0.263 -0.138 0.147 -0.024 -0.075 0.058 -0.063 -0.075 
-0.228 0.218 0.005 -0.000 0.015 -0.113 1.000 0.017 0.000 0.164 0.257 0.110 0.149 -0.271 0.001 -0.273 0.978 0.594 0.104 0.471 -0.004 -0.140 -0.017 -0.604 0.968 0.978 0.689 -0.006 -0.411 0.003 0.789 -0.058 0.409 0.035 0.450 -0.021 -0.302 -0.038 -0.359 0.361 0.583 -0.219 -0.001 0.766 0.088 0.307 -0.038 0.297 0.263 -0.034 -0.032 0.103 0.859 -0.359 0.161 0.859 
-0.025 0.015 0.000 -0.001 -0.000 -0.054 0.017 1.000 -0.015 -0.005 0.032 -0.004 0.014 0.012 0.001 -0.027 0.016 0.013 0.009 0.038 -0.003 0.018 0.007 -0.007 0.016 0.016 -0.006 -0.008 -0.009 0.001 0.011 0.009 0.020 0.051 0.029 0.020 -0.041 -0.014 -0.027 0.050 0.004 -0.013 -0.001 0.012 0.005 0.012 -0.014 0.012 0.012 0.021 -0.014 0.012 0.013 -0.008 -0.014 0.013 
-0.156 0.027 0.000 0.007 -0.002 0.192 0.000 -0.015 1.000 -0.002 -0.186 -0.135 0.086 -0.248 -0.007 -0.127 0.000 -0.001 -0.166 0.036 -0.111 -0.044 0.078 0.100 0.002 0.000 -0.067 -0.194 -0.199 -0.011 -0.006 -0.120 -0.209 -0.239 -0.059 -0.293 -0.036 0.989 -0.132 0.076 0.019 -0.090 0.007 0.010 -0.068 -0.115 -0.112 -0.106 0.046 -0.325 0.021 0.061 0.007 -0.155 -0.148 0.007 
-0.032 0.078 0.004 -0.025 -0.004 0.035 0.164 -0.005 -0.002 1.000 -0.007 -0.004 -0.028 -0.060 0.025 0.131 0.185 0.180 0.001 0.289 0.009 0.192 0.034 -0.151 0.182 0.185 0.114 -0.064 -0.095 0.029 0.157 -0.060 0.297 -0.122 0.004 -0.030 -0.051 -0.022 0.087 0.165 0.152 0.022 -0.025 0.049 0.059 0.083 0.338 0.091 0.069 -0.034 0.687 -0.037 0.163 -0.112 0.079 0.163 
-0.296 0.179 -0.000 -0.080 0.020 -0.338 0.257 0.032 -0.186 -0.007 1.000 0.183 0.125 0.113 0.080 -0.374 0.247 0.161 0.139 0.319 0.165 0.122 0.058 -0.202 0.240 0.247 0.057 0.291 -0.225 0.081 0.184 0.149 0.222 0.449 0.298 0.094 -0.586 -0.181 -0.417 0.354 0.165 -0.097 -0.081 0.191 0.205 0.455 -0.069 0.504 0.207 0.074 -0.164 0.050 0.195 -0.095 0.232 0.195 
-0.200 0.225 -0.000 -0.008 -0.003 -0.456 0.110 -0.004 -0.135 -0.004 0.183 1.000 0.035 0.099 0.008 -0.204 0.103 0.064 -0.020 0.225 0.003 0.057 0.040 -0.105 0.097 0.103 -0.056 -0.052 -0.118 0.009 0.069 0.094 0.170 0.265 0.125 0.062 -0.261 -0.123 -0.213 0.300 0.080 -0.078 -0.008 0.088 0.065 0.164 -0.011 0.217 0.241 0.071 -0.071 0.024 0.068 -0.159 0.047 0.068 
-0.274 0.041 -0.001 -0.012 0.019 -0.043 0.149 0.014 0.086 -0.028 0.125 0.035 1.000 0.115 0.012 -0.259 0.143 0.094 0.106 0.089 -0.052 -0.003 0.053 -0.024 0.140 0.143 0.035 0.028 -0.270 0.015 0.088 0.054 0.163 0.114 0.079 0.097 -0.324 0.096 -0.257 0.119 0.027 -0.309 -0.012 0.131 0.012 0.271 0.004 0.193 0.048 0.090 -0.104 0.910 0.120 -0.329 0.274 0.120 
-0.087 -0.011 -0.005 -0.019 0.016 -0.133 -0.271 0.012 -0.248 -0.060 0.113 0.099 0.115 1.000 0.019 -0.069 -0.275 -0.167 0.118 -0.079 0.035 0.056 0.047 0.212 -0.274 -0.275 -0.252 0.176 0.055 0.025 -0.239 0.091 0.543 0.232 -0.068 0.099 -0.131 -0.218 -0.041 -0.006 -0.241 -0.049 -0.019 -0.192 0.105 0.120 0.216 0.127 -0.008 0.104 -0.064 0.108 -0.250 0.004 0.184 -0.250 
-0.013 0.007 0.000 -1.000 0.001 -0.019 0.001 0.001 -0.007 0.025 0.080 0.008 0.012 0.019 1.000 0.267 0.001 0.000 -0.005 0.008 0.009 0.007 0.000 -0.001 0.000 0.001 -0.005 0.015 0.231 1.000 0.000 0.070 0.051 0.039 -0.000 -0.001 0.078 -0.007 -0.011 0.010 0.000 -0.000 -1.000 0.001 0.003 0.004 -0.002 0.009 0.008 -0.002 0.033 0.013 0.000 -0.015 0.005 0.000 
0.828 -0.387 0.003 -0.267 -0.019 0.265 -0.273 -0.027 -0.127 0.131 -0.374 -0.204 -0.259 -0.069 0.267 1.000 -0.262 -0.188 -0.009 -0.585 0.116 -0.281 -0.140 0.160 -0.252 -0.262 0.145 0.046 0.847 0.272 -0.175 0.116 -0.032 -0.124 -0.221 0.066 0.818 -0.145 0.951 -0.666 -0.147 0.476 -0.267 -0.195 -0.229 -0.573 0.388 -0.688 -0.489 0.077 0.367 -0.187 -0.195 0.680 -0.261 -0.195 
-0.211 0.217 0.004 -0.000 0.015 -0.107 0.978 0.016 0.000 0.185 0.247 0.103 0.143 -0.275 0.001 -0.262 1.000 0.726 0.109 0.507 -0.005 -0.144 -0.030 -0.633 0.991 1.000 0.671 -0.012 -0.410 0.003 0.816 -0.066 0.372 0.022 0.435 -0.020 -0.282 -0.043 -0.351 0.348 0.613 -0.219 -0.001 0.634 0.076 0.295 -0.040 0.280 0.258 -0.032 -0.027 0.102 0.887 -0.360 0.160 0.887 
-0.153 0.183 0.001 -0.000 0.011 -0.080 0.594 0.013 -0.001 0.180 0.161 0.064 0.094 -0.167 0.000 -0.188 0.726 1.000 0.087 0.482 -0.014 -0.104 -0.043 -0.418 0.723 0.726 0.414 -0.025 -0.287 0.001 0.600 -0.062 0.155 -0.006 0.253 -0.001 -0.185 -0.033 -0.255 0.236 0.403 -0.150 -0.001 0.051 0.036 0.196 -0.053 0.182 0.208 -0.010 -0.014 0.072 0.662 -0.242 0.112 0.662 
0.061 0.016 0.000 0.004 -0.008 -0.103 0.104 0.009 -0.166 0.001 0.139 -0.020 0.106 0.118 -0.005 -0.009 0.109 0.087 1.000 0.037 0.063 -0.018 -0.039 -0.102 0.108 0.109 0.082 0.133 0.043 -0.004 0.086 0.031 0.051 0.122 0.042 0.169 -0.002 -0.173 -0.016 -0.000 0.080 0.089 0.004 0.057 -0.000 0.014 -0.060 0.017 0.007 0.186 -0.029 0.083 0.097 0.108 0.065 0.097 
-0.614 0.454 0.001 -0.008 0.023 -0.276 0.471 0.038 0.036 0.289 0.319 0.225 0.089 -0.079 0.008 -0.585 0.507 0.482 0.037 1.000 -0.054 0.487 0.047 -0.330 0.497 0.507 0.072 -0.085 -0.584 0.006 0.408 -0.093 0.166 0.044 0.243 -0.062 -0.543 0.022 -0.670 0.793 0.311 -0.217 -0.008 0.206 0.140 0.340 -0.167 0.468 0.537 -0.073 -0.083 0.056 0.430 -0.454 0.172 0.430 
0.129 -0.038 0.001 -0.009 -0.003 -0.281 -0.004 -0.003 -0.111 0.009 0.165 0.003 -0.052 0.035 0.009 0.116 -0.005 -0.014 0.063 -0.054 1.000 -0.028 0.015 -0.056 -0.005 -0.005 0.057 0.591 0.131 0.012 0.001 0.090 0.066 0.373 0.070 0.071 0.061 -0.121 0.112 -0.070 0.047 0.113 -0.009 0.003 -0.010 -0.027 0.094 -0.024 -0.047 0.063 0.018 -0.048 -0.003 0.203 0.019 -0.003 
-0.326 0.008 -0.001 -0.007 0.000 -0.135 -0.140 0.018 -0.044 0.192 0.122 0.057 -0.003 0.056 0.007 -0.281 -0.144 -0.104 -0.018 0.487 -0.028 1.000 0.037 0.077 -0.142 -0.144 -0.096 -0.036 -0.230 0.005 -0.117 -0.050 -0.048 0.012 -0.062 -0.002 -0.242 -0.037 -0.299 0.347 -0.081 -0.074 -0.007 -0.091 0.086 0.157 -0.093 0.237 0.009 -0.002 -0.021 -0.013 -0.127 -0.163 0.066 -0.127 
-0.179 0.052 -0.001 -0.000 0.004 -0.039 -0.017 0.007 0.078 0.034 0.058 0.040 0.053 0.047 0.000 -0.140 -0.030 -0.043 -0.039 0.047 0.015 0.037 1.000 0.022 -0.033 -0.030 -0.097 0.026 -0.138 0.001 -0.037 0.003 0.068 0.035 0.005 -0.018 -0.179 0.087 -0.138 0.105 -0.016 0.013 -0.000 0.019 0.054 0.127 0.075 0.148 0.062 -0.024 0.024 0.025 -0.042 -0.134 0.035 -0.042 
-0.017 -0.138 -0.002 0.001 -0.003 0.091 -0.604 -0.007 0.100 -0.151 -0.202 -0.105 -0.024 0.212 -0.001 0.160 -0.633 -0.418 -0.102 -0.330 -0.056 0.077 0.022 1.000 -0.619 -0.633 -0.324 -0.029 0.309 -0.005 -0.528 -0.009 -0.203 -0.033 -0.289 -0.002 0.091 0.192 0.208 -0.202 -0.991 0.164 0.002 -0.294 -0.024 -0.156 -0.040 -0.134 -0.123 0.000 -0.002 -0.014 -0.528 0.320 -0.141 -0.528 
-0.202 0.201 0.004 -0.000 0.015 -0.102 0.968 0.016 0.002 0.182 0.240 0.097 0.140 -0.274 0.000 -0.252 0.991 0.723 0.108 0.497 -0.005 -0.142 -0.033 -0.619 1.000 0.991 0.675 -0.012 -0.398 0.003 0.863 -0.065 0.364 0.020 0.429 -0.022 -0.273 -0.040 -0.340 0.335 0.599 -0.212 -0.001 0.625 0.072 0.284 -0.040 0.269 0.242 -0.035 -0.026 0.101 0.939 -0.347 0.154 0.939 
-0.211 0.217 0.004 -0.000 0.015 -0.107 0.978 0.016 0.000 0.185 0.247 0.103 0.143 -0.275 0.001 -0.262 1.000 0.726 0.109 0.507 -0.005 -0.144 -0.030 -0.633 0.991 1.000 0.671 -0.012 -0.410 0.003 0.816 -0.066 0.372 0.022 0.435 -0.020 -0.282 -0.043 -0.351 0.348 0.613 -0.219 -0.001 0.634 0.076 0.295 -0.040 0.280 0.258 -0.032 -0.027 0.102 0.887 -0.360 0.160 0.887 
0.184 -0.107 0.007 0.005 0.000 0.021 0.689 -0.006 -0.067 0.114 0.057 -0.056 0.035 -0.252 -0.005 0.145 0.671 0.414 0.082 0.072 0.057 -0.096 -0.097 -0.324 0.675 0.671 1.000 0.060 0.013 -0.003 0.550 -0.012 0.276 -0.007 0.272 0.030 0.102 -0.095 0.097 -0.140 0.314 -0.033 0.005 0.601 -0.009 0.111 0.054 0.001 -0.131 0.023 0.062 0.009 0.629 0.019 0.064 0.629 
0.116 -0.059 -0.000 -0.015 -0.005 -0.367 -0.006 -0.008 -0.194 -0.064 0.291 -0.052 0.028 0.176 0.015 0.046 -0.012 -0.025 0.133 -0.085 0.591 -0.036 0.026 -0.029 -0.012 -0.012 0.060 1.000 0.158 0.017 -0.012 0.120 0.131 0.612 0.166 0.152 -0.001 -0.193 0.053 -0.091 0.008 0.004 -0.015 0.017 0.022 0.055 0.039 0.031 -0.074 0.153 -0.076 0.017 -0.012 0.191 0.009 -0.012 
0.801 -0.342 0.001 -0.231 -0.009 0.073 -0.411 -0.009 -0.199 -0.095 -0.225 -0.118 -0.270 0.055 0.231 0.847 -0.410 -0.287 0.043 -0.584 0.131 -0.230 -0.138 0.309 -0.398 -0.410 0.013 0.158 1.000 0.233 -0.302 0.303 -0.135 0.177 -0.156 0.133 0.756 -0.190 0.831 -0.596 -0.309 0.487 -0.230 -0.260 -0.208 -0.563 0.181 -0.654 -0.436 0.149 0.137 -0.204 -0.327 0.803 -0.300 -0.327 
-0.012 0.006 0.000 -1.000 0.001 -0.019 0.003 0.001 -0.011 0.029 0.081 0.009 0.015 0.025 1.000 0.272 0.003 0.001 -0.004 0.006 0.012 0.005 0.001 -0.005 0.003 0.003 -0.003 0.017 0.233 1.000 0.002 0.073 0.062 0.042 -0.000 0.000 0.078 -0.011 -0.007 0.008 0.003 -0.001 -1.000 0.002 0.004 0.006 0.012 0.010 0.006 -0.000 0.037 0.016 0.002 -0.017 0.008 0.002 
-0.131 0.154 0.003 -0.000 0.011 -0.073 0.789 0.011 -0.006 0.157 0.184 0.069 0.088 -0.239 0.000 -0.175 0.816 0.600 0.086 0.408 0.001 -0.117 -0.037 -0.528 0.863 0.816 0.550 -0.012 -0.302 0.002 1.000 -0.055 0.277 0.006 0.340 -0.032 -0.190 -0.046 -0.248 0.254 0.513 -0.153 -0.001 0.481 0.049 0.193 -0.028 0.187 0.174 -0.043 -0.015 0.063 0.927 -0.262 0.110 0.927 
0.137 -0.025 -0.000 -0.070 0.007 -0.115 -0.058 0.009 -0.120 -0.060 0.149 0.094 0.054 0.091 0.070 0.116 -0.066 -0.062 0.031 -0.093 0.090 -0.050 0.003 -0.009 -0.065 -0.066 -0.012 0.120 0.303 0.073 -0.055 1.000 0.088 0.395 0.076 0.146 0.041 -0.114 0.118 -0.049 -0.001 0.045 -0.070 -0.015 -0.022 -0.032 0.074 -0.039 -0.050 0.146 -0.044 0.055 -0.062 0.153 -0.062 -0.062 
-0.170 0.103 0.002 -0.051 0.031 -0.142 0.409 0.020 -0.209 0.297 0.222 0.170 0.163 0.543 0.051 -0.032 0.372 0.155 0.051 0.166 0.066 -0.048 0.068 -0.203 0.364 0.372 0.276 0.131 -0.135 0.062 0.277 0.088 1.000 0.202 0.194 0.074 -0.269 -0.210 -0.083 0.187 0.169 -0.121 -0.051 0.411 0.137 0.280 0.446 0.276 0.127 0.070 0.192 0.134 0.310 -0.213 0.254 0.310 
-0.034 0.058 -0.001 -0.040 0.035 -0.508 0.035 0.051 -0.239 -0.122 0.449 0.265 0.114 0.232 0.039 -0.124 0.022 -0.006 0.122 0.044 0.373 0.012 0.035 -0.033 0.020 0.022 -0.007 0.612 0.177 0.042 0.006 0.395 0.202 1.000 0.235 0.216 -0.209 -0.222 -0.118 0.104 0.001 -0.122 -0.040 0.062 0.073 0.182 -0.013 0.188 0.051 0.217 -0.211 0.091 0.007 0.070 0.042 0.007 
-0.110 0.087 0.000 0.000 0.021 -0.203 0.450 0.029 -0.059 0.004 0.298 0.125 0.079 -0.068 -0.000 -0.221 0.435 0.253 0.042 0.243 0.070 -0.062 0.005 -0.289 0.429 0.435 0.272 0.166 -0.156 -0.000 0.340 0.076 0.194 0.235 1.000 0.060 -0.243 -0.059 -0.241 0.361 0.270 -0.116 0.000 0.372 0.099 0.201 -0.125 0.207 0.049 0.053 -0.111 0.048 0.373 -0.132 0.074 0.373 
0.105 -0.013 0.000 0.001 0.016 -0.131 -0.021 0.020 -0.293 -0.030 0.094 0.062 0.097 0.099 -0.001 0.066 -0.020 -0.001 0.169 -0.062 0.071 -0.002 -0.018 -0.002 -0.022 -0.020 0.030 0.152 0.133 0.000 -0.032 0.146 0.074 0.216 0.060 1.000 0.042 -0.290 0.075 -0.083 -0.029 0.015 0.001 -0.011 -0.006 0.036 0.002 -0.011 -0.029 0.920 -0.021 0.128 -0.026 0.115 -0.042 -0.026 
0.866 -0.345 0.001 -0.078 -0.029 0.266 -0.302 -0.041 -0.036 -0.051 -0.586 -0.261 -0.324 -0.131 0.078 0.818 -0.282 -0.185 -0.002 -0.543 0.061 -0.242 -0.179 0.091 -0.273 -0.282 0.102 -0.001 0.756 0.078 -0.190 0.041 -0.269 -0.209 -0.243 0.042 1.000 -0.065 0.823 -0.658 -0.065 0.403 -0.078 -0.244 -0.318 -0.727 0.094 -0.827 -0.425 0.058 0.195 -0.228 -0.214 0.703 -0.354 -0.214 
-0.185 0.033 0.000 0.006 -0.001 0.182 -0.038 -0.014 0.989 -0.022 -0.181 -0.123 0.096 -0.218 -0.007 -0.145 -0.043 -0.033 -0.173 0.022 -0.121 -0.037 0.087 0.192 -0.040 -0.043 -0.095 -0.193 -0.190 -0.011 -0.046 -0.114 -0.210 -0.222 -0.059 -0.290 -0.065 1.000 -0.145 0.090 -0.078 -0.089 0.006 0.004 -0.055 -0.095 -0.137 -0.082 0.054 -0.321 0.008 0.067 -0.031 -0.143 -0.151 -0.031 
0.884 -0.438 0.003 0.012 -0.020 0.282 -0.359 -0.027 -0.132 0.087 -0.417 -0.213 -0.257 -0.041 -0.011 0.951 -0.351 -0.255 -0.016 -0.670 0.112 -0.299 -0.138 0.208 -0.340 -0.351 0.097 0.053 0.831 -0.007 -0.248 0.118 -0.083 -0.118 -0.241 0.075 0.823 -0.145 1.000 -0.730 -0.193 0.467 0.012 -0.250 -0.233 -0.587 0.376 -0.719 -0.557 0.089 0.341 -0.186 -0.273 0.709 -0.273 -0.273 
-0.702 0.488 -0.001 -0.010 0.034 -0.311 0.361 0.050 0.076 0.165 0.354 0.300 0.119 -0.006 0.010 -0.666 0.348 0.236 -0.000 0.793 -0.070 0.347 0.105 -0.202 0.335 0.348 -0.140 -0.091 -0.596 0.008 0.254 -0.049 0.187 0.104 0.361 -0.083 -0.658 0.090 -0.730 1.000 0.182 -0.213 -0.010 0.269 0.190 0.366 -0.183 0.531 0.578 -0.092 -0.118 0.074 0.266 -0.474 0.157 0.266 
0.028 0.120 0.002 -0.000 0.001 -0.058 0.583 0.004 0.019 0.152 0.165 0.080 0.027 -0.241 0.000 -0.147 0.613 0.403 0.080 0.311 0.047 -0.081 -0.016 -0.991 0.599 0.613 0.314 0.008 -0.309 0.003 0.513 -0.001 0.169 0.001 0.270 -0.029 -0.065 -0.078 -0.193 0.182 1.000 -0.166 -0.001 0.279 0.007 0.122 0.040 0.096 0.103 -0.035 0.013 0.016 0.511 -0.321 0.117 0.511 
0.407 -0.104 -0.000 0.000 -0.008 0.088 -0.219 -0.013 -0.090 0.022 -0.097 -0.078 -0.309 -0.049 -0.000 0.476 -0.219 -0.150 0.089 -0.217 0.113 -0.074 0.013 0.164 -0.212 -0.219 -0.033 0.004 0.487 -0.001 -0.153 0.045 -0.121 -0.122 -0.116 0.015 0.403 -0.089 0.467 -0.213 -0.166 1.000 0.001 -0.136 -0.123 -0.404 0.093 -0.372 -0.124 0.012 0.176 -0.279 -0.170 0.645 -0.216 -0.170 
0.014 -0.007 -0.000 1.000 -0.001 0.020 -0.001 -0.001 0.007 -0.025 -0.081 -0.008 -0.012 -0.019 -1.000 -0.267 -0.001 -0.001 0.004 -0.008 -0.009 -0.007 -0.000 0.002 -0.001 -0.001 0.005 -0.015 -0.230 -1.000 -0.001 -0.070 -0.051 -0.040 0.000 0.001 -0.078 0.006 0.012 -0.010 -0.001 0.001 1.000 -0.001 -0.003 -0.005 0.003 -0.009 -0.008 0.002 -0.032 -0.013 -0.001 0.016 -0.006 -0.001 
-0.187 0.143 0.005 -0.000 0.011 -0.091 0.766 0.012 0.010 0.049 0.191 0.088 0.131 -0.192 0.001 -0.195 0.634 0.051 0.057 0.206 0.003 -0.091 0.019 -0.294 0.625 0.634 0.601 0.017 -0.260 0.002 0.481 -0.015 0.411 0.062 0.372 -0.011 -0.244 0.004 -0.250 0.269 0.279 -0.136 -0.001 1.000 0.081 0.227 -0.026 0.231 0.178 -0.021 -0.037 0.089 0.539 -0.216 0.109 0.539 
-0.246 0.091 -0.000 -0.003 -0.002 -0.077 0.088 0.005 -0.068 0.059 0.205 0.065 0.012 0.105 0.003 -0.229 0.076 0.036 -0.000 0.140 -0.010 0.086 0.054 -0.024 0.072 0.076 -0.009 0.022 -0.208 0.004 0.049 -0.022 0.137 0.073 0.099 -0.006 -0.318 -0.055 -0.233 0.190 0.007 -0.123 -0.003 0.081 1.000 0.328 0.008 0.327 0.090 -0.011 -0.026 -0.086 0.051 -0.222 0.187 0.051 
-0.588 0.183 0.000 -0.004 0.007 -0.197 0.307 0.012 -0.115 0.083 0.455 0.164 0.271 0.120 0.004 -0.573 0.295 0.196 0.014 0.340 -0.027 0.157 0.127 -0.156 0.284 0.295 0.111 0.055 -0.563 0.006 0.193 -0.032 0.280 0.182 0.201 0.036 -0.727 -0.095 -0.587 0.366 0.122 -0.404 -0.005 0.227 0.328 1.000 -0.017 0.899 0.217 0.033 -0.097 0.137 0.223 -0.614 0.434 0.223 
0.134 -0.104 0.003 0.003 -0.003 0.104 -0.038 -0.014 -0.112 0.338 -0.069 -0.011 0.004 0.216 -0.002 0.388 -0.040 -0.053 -0.060 -0.167 0.094 -0.093 0.075 -0.040 -0.040 -0.040 0.054 0.039 0.181 0.012 -0.028 0.074 0.446 -0.013 -0.125 0.002 0.094 -0.137 0.376 -0.183 0.040 0.093 0.003 -0.026 0.008 -0.017 1.000 -0.052 -0.128 0.002 0.416 0.017 -0.036 0.010 0.120 -0.036 
-0.737 0.302 -0.000 -0.009 0.005 -0.256 0.297 0.012 -0.106 0.091 0.504 0.217 0.193 0.127 0.009 -0.688 0.280 0.182 0.017 0.468 -0.024 0.237 0.148 -0.134 0.269 0.280 0.001 0.031 -0.654 0.010 0.187 -0.039 0.276 0.188 0.207 -0.011 -0.827 -0.082 -0.719 0.531 0.096 -0.372 -0.009 0.231 0.327 0.899 -0.052 1.000 0.367 -0.014 -0.125 0.065 0.207 -0.640 0.406 0.207 
-0.558 0.889 -0.001 -0.008 0.008 -0.263 0.263 0.012 0.046 0.069 0.207 0.241 0.048 -0.008 0.008 -0.489 0.258 0.208 0.007 0.537 -0.047 0.009 0.062 -0.123 0.242 0.258 -0.131 -0.074 -0.436 0.006 0.174 -0.050 0.127 0.051 0.049 -0.029 -0.425 0.054 -0.557 0.578 0.103 -0.124 -0.008 0.178 0.090 0.217 -0.128 0.367 1.000 -0.034 -0.093 0.033 0.171 -0.312 0.099 0.171 
0.116 -0.016 0.000 0.002 0.018 -0.138 -0.034 0.021 -0.325 -0.034 0.074 0.071 0.090 0.104 -0.002 0.077 -0.032 -0.010 0.186 -0.073 0.063 -0.002 -0.024 0.000 -0.035 -0.032 0.023 0.153 0.149 -0.000 -0.043 0.146 0.070 0.217 0.053 0.920 0.058 -0.321 0.089 -0.092 -0.035 0.012 0.002 -0.021 -0.011 0.033 0.002 -0.014 -0.034 1.000 -0.021 0.110 -0.038 0.113 -0.062 -0.038 
0.180 -0.070 0.004 -0.032 -0.009 0.147 -0.032 -0.014 0.021 0.687 -0.164 -0.071 -0.104 -0.064 0.033 0.367 -0.027 -0.014 -0.029 -0.083 0.018 -0.021 0.024 -0.002 -0.026 -0.027 0.062 -0.076 0.137 0.037 -0.015 -0.044 0.192 -0.211 -0.111 -0.021 0.195 0.008 0.341 -0.118 0.013 0.176 -0.032 -0.037 -0.026 -0.097 0.416 -0.125 -0.093 -0.021 1.000 -0.094 -0.019 0.099 -0.026 -0.019 
-0.209 0.026 -0.001 -0.013 0.018 -0.024 0.103 0.012 0.061 -0.037 0.050 0.024 0.910 0.108 0.013 -0.187 0.102 0.072 0.083 0.056 -0.048 -0.013 0.025 -0.014 0.101 0.102 0.009 0.017 -0.204 0.016 0.063 0.055 0.134 0.091 0.048 0.128 -0.228 0.067 -0.186 0.074 0.016 -0.279 -0.013 0.089 -0.086 0.137 0.017 0.065 0.033 0.110 -0.094 1.000 0.089 -0.269 0.226 0.089 
-0.152 0.132 0.003 0.000 0.013 -0.075 0.859 0.013 0.007 0.163 0.195 0.068 0.120 -0.250 0.000 -0.195 0.887 0.662 0.097 0.430 -0.003 -0.127 -0.042 -0.528 0.939 0.887 0.629 -0.012 -0.327 0.002 0.927 -0.062 0.310 0.007 0.373 -0.026 -0.214 -0.031 -0.273 0.266 0.511 -0.170 -0.001 0.539 0.051 0.223 -0.036 0.207 0.171 -0.038 -0.019 0.089 1.000 -0.280 0.124 1.000 
0.754 -0.257 -0.000 0.015 -0.004 0.058 -0.359 -0.008 -0.155 -0.112 -0.095 -0.159 -0.329 0.004 -0.015 0.680 -0.360 -0.242 0.108 -0.454 0.203 -0.163 -0.134 0.320 -0.347 -0.360 0.019 0.191 0.803 -0.017 -0.262 0.153 -0.213 0.070 -0.132 0.115 0.703 -0.143 0.709 -0.474 -0.321 0.645 0.016 -0.216 -0.222 -0.614 0.010 -0.640 -0.312 0.113 0.099 -0.269 -0.280 1.000 -0.329 -0.280 
-0.278 0.080 -0.000 -0.005 -0.018 -0.063 0.161 -0.014 -0.148 0.079 0.232 0.047 0.274 0.184 0.005 -0.261 0.160 0.112 0.065 0.172 0.019 0.066 0.035 -0.141 0.154 0.160 0.064 0.009 -0.300 0.008 0.110 -0.062 0.254 0.042 0.074 -0.042 -0.354 -0.151 -0.273 0.157 0.117 -0.216 -0.006 0.109 0.187 0.434 0.120 0.406 0.099 -0.062 -0.026 0.226 0.124 -0.329 1.000 0.124 
-0.152 0.132 0.003 0.000 0.013 -0.075 0.859 0.013 0.007 0.163 0.195 0.068 0.120 -0.250 0.000 -0.195 0.887 0.662 0.097 0.430 -0.003 -0.127 -0.042 -0.528 0.939 0.887 0.629 -0.012 -0.327 0.002 0.927 -0.062 0.310 0.007 0.373 -0.026 -0.214 -0.031 -0.273 0.266 0.511 -0.170 -0.001 0.539 0.051 0.223 -0.036 0.207 0.171 -0.038 -0.019 0.089 1.000 -0.280 0.124 1.000 
